1.000000000000000000e+00
2.000000000000000000e+00
3.000000000000000000e+00
4.000000000000000000e+00
5.000000000000000000e+00
7.000000000000000000e+00
8.000000000000000000e+00
9.000000000000000000e+00
1.000000000000000000e+01
1.100000000000000000e+01
1.200000000000000000e+01
1.300000000000000000e+01
1.400000000000000000e+01
1.500000000000000000e+01
1.700000000000000000e+01
2.000000000000000000e+01
2.400000000000000000e+01
2.500000000000000000e+01
2.700000000000000000e+01
2.800000000000000000e+01
2.900000000000000000e+01
3.000000000000000000e+01
3.300000000000000000e+01
4.300000000000000000e+01
4.500000000000000000e+01
4.600000000000000000e+01
4.800000000000000000e+01
4.900000000000000000e+01
5.400000000000000000e+01
6.000000000000000000e+01
6.500000000000000000e+01
6.600000000000000000e+01
7.000000000000000000e+01
7.800000000000000000e+01
7.900000000000000000e+01
9.400000000000000000e+01
1.080000000000000000e+02
1.270000000000000000e+02
1.330000000000000000e+02
1.440000000000000000e+02
1.610000000000000000e+02
1.690000000000000000e+02
6.386400000000000000e+04
6.386500000000000000e+04
6.386600000000000000e+04
6.386700000000000000e+04
6.386800000000000000e+04
6.386900000000000000e+04
6.387100000000000000e+04
6.387200000000000000e+04
6.387400000000000000e+04
6.387500000000000000e+04
6.387600000000000000e+04
6.387800000000000000e+04
6.387900000000000000e+04
6.388100000000000000e+04
6.388200000000000000e+04
6.388300000000000000e+04
6.388700000000000000e+04
6.388800000000000000e+04
6.389400000000000000e+04
6.389500000000000000e+04
6.389600000000000000e+04
6.389700000000000000e+04
6.390600000000000000e+04
6.392000000000000000e+04
6.392400000000000000e+04
6.407600000000000000e+04
9.676300000000000000e+04
9.676400000000000000e+04
9.676500000000000000e+04
9.676600000000000000e+04
9.676800000000000000e+04
9.677000000000000000e+04
9.677300000000000000e+04
9.677400000000000000e+04
9.677500000000000000e+04
9.677800000000000000e+04
9.678400000000000000e+04
9.678600000000000000e+04
9.678900000000000000e+04
9.679200000000000000e+04
9.679300000000000000e+04
9.679400000000000000e+04
9.679500000000000000e+04
9.680200000000000000e+04
9.680700000000000000e+04
1.172500000000000000e+05
1.172510000000000000e+05
1.172520000000000000e+05
1.172530000000000000e+05
1.172540000000000000e+05
1.172550000000000000e+05
1.172560000000000000e+05
1.172570000000000000e+05
1.172580000000000000e+05
1.172590000000000000e+05
1.172600000000000000e+05
1.172610000000000000e+05
1.172630000000000000e+05
1.172640000000000000e+05
1.172650000000000000e+05
1.172660000000000000e+05
1.172670000000000000e+05
1.172680000000000000e+05
1.172690000000000000e+05
1.172700000000000000e+05
1.172710000000000000e+05
1.172720000000000000e+05
1.172730000000000000e+05
1.172750000000000000e+05
1.172760000000000000e+05
1.172770000000000000e+05
1.172790000000000000e+05
1.172800000000000000e+05
1.172810000000000000e+05
1.172820000000000000e+05
1.172840000000000000e+05
1.172860000000000000e+05
1.172870000000000000e+05
1.172880000000000000e+05
1.172890000000000000e+05
1.172900000000000000e+05
1.172930000000000000e+05
1.172940000000000000e+05
1.173000000000000000e+05
1.173010000000000000e+05
1.173080000000000000e+05
1.173090000000000000e+05
1.173100000000000000e+05
1.173150000000000000e+05
1.173780000000000000e+05
1.438810000000000000e+05
1.438820000000000000e+05
1.438830000000000000e+05
1.438850000000000000e+05
1.438860000000000000e+05
1.438870000000000000e+05
1.438880000000000000e+05
1.438890000000000000e+05
1.438900000000000000e+05
1.438910000000000000e+05
1.438920000000000000e+05
1.438930000000000000e+05
1.438940000000000000e+05
1.438950000000000000e+05
1.438960000000000000e+05
1.438970000000000000e+05
1.438990000000000000e+05
1.439020000000000000e+05
1.439030000000000000e+05
1.439050000000000000e+05
1.439060000000000000e+05
1.439070000000000000e+05
1.439080000000000000e+05
1.439100000000000000e+05
1.439140000000000000e+05
1.439220000000000000e+05
1.439260000000000000e+05
1.673930000000000000e+05
1.673940000000000000e+05
1.673950000000000000e+05
1.673960000000000000e+05
1.673970000000000000e+05
1.673980000000000000e+05
1.673990000000000000e+05
1.674000000000000000e+05
1.674010000000000000e+05
1.674020000000000000e+05
1.674030000000000000e+05
1.674040000000000000e+05
1.674060000000000000e+05
1.674070000000000000e+05
1.674080000000000000e+05
1.674090000000000000e+05
1.674110000000000000e+05
1.674120000000000000e+05
1.674130000000000000e+05
1.674150000000000000e+05
1.674160000000000000e+05
1.674190000000000000e+05
1.674230000000000000e+05
1.674370000000000000e+05
1.675060000000000000e+05
1.849320000000000000e+05
1.849330000000000000e+05
1.849360000000000000e+05
1.849370000000000000e+05
1.849380000000000000e+05
1.849390000000000000e+05
1.849400000000000000e+05
1.849410000000000000e+05
1.849420000000000000e+05
1.849440000000000000e+05
1.849490000000000000e+05
1.849510000000000000e+05
1.849550000000000000e+05
1.849560000000000000e+05
1.849570000000000000e+05
1.849700000000000000e+05
1.849840000000000000e+05
1.850080000000000000e+05
1.981820000000000000e+05
1.981830000000000000e+05
1.981840000000000000e+05
1.981850000000000000e+05
1.981860000000000000e+05
1.981890000000000000e+05
1.981900000000000000e+05
1.981910000000000000e+05
1.981920000000000000e+05
1.981930000000000000e+05
1.981940000000000000e+05
1.981970000000000000e+05
2.088120000000000000e+05
2.088130000000000000e+05
2.088140000000000000e+05
2.088150000000000000e+05
2.088160000000000000e+05
2.088170000000000000e+05
2.088180000000000000e+05
2.088220000000000000e+05
2.088230000000000000e+05
2.088260000000000000e+05
2.088280000000000000e+05
2.088290000000000000e+05
2.088300000000000000e+05
2.088390000000000000e+05
2.088480000000000000e+05
2.205950000000000000e+05
2.205960000000000000e+05
2.205970000000000000e+05
2.205980000000000000e+05
2.205990000000000000e+05
2.206000000000000000e+05
2.206010000000000000e+05
2.206020000000000000e+05
2.206030000000000000e+05
2.206070000000000000e+05
2.206080000000000000e+05
2.206130000000000000e+05
2.299350000000000000e+05
2.299360000000000000e+05
2.299400000000000000e+05
2.299410000000000000e+05
2.299420000000000000e+05
2.299430000000000000e+05
2.299440000000000000e+05
2.299450000000000000e+05
2.299480000000000000e+05
2.299520000000000000e+05
2.299530000000000000e+05
2.427900000000000000e+05
2.427910000000000000e+05
2.427920000000000000e+05
2.427940000000000000e+05
2.427960000000000000e+05
2.428000000000000000e+05
2.428020000000000000e+05
2.538620000000000000e+05
2.538640000000000000e+05
2.538660000000000000e+05
2.538670000000000000e+05
2.538680000000000000e+05
2.538700000000000000e+05
2.538710000000000000e+05
2.538730000000000000e+05
2.538770000000000000e+05
2.538790000000000000e+05
2.538820000000000000e+05
2.648830000000000000e+05
2.648840000000000000e+05
2.648850000000000000e+05
2.648870000000000000e+05
2.648880000000000000e+05
2.648890000000000000e+05
2.648910000000000000e+05
2.648920000000000000e+05
2.648930000000000000e+05
2.648940000000000000e+05
2.648950000000000000e+05
2.648980000000000000e+05
2.755450000000000000e+05
2.755460000000000000e+05
2.755470000000000000e+05
2.755480000000000000e+05
2.755490000000000000e+05
2.755510000000000000e+05
2.755520000000000000e+05
2.755530000000000000e+05
2.755580000000000000e+05
2.755590000000000000e+05
2.755630000000000000e+05
2.755670000000000000e+05
2.755790000000000000e+05
2.827800000000000000e+05
2.827810000000000000e+05
2.827820000000000000e+05
2.827830000000000000e+05
2.827840000000000000e+05
2.827880000000000000e+05
2.827890000000000000e+05
2.827910000000000000e+05
2.893860000000000000e+05
2.893870000000000000e+05
2.893900000000000000e+05
2.893910000000000000e+05
2.893920000000000000e+05
2.893930000000000000e+05
2.893950000000000000e+05
2.893980000000000000e+05
2.894000000000000000e+05
2.894120000000000000e+05
2.948660000000000000e+05
2.948670000000000000e+05
2.948680000000000000e+05
2.948690000000000000e+05
2.948700000000000000e+05
2.948730000000000000e+05
2.948760000000000000e+05
2.948770000000000000e+05
2.948800000000000000e+05
3.009040000000000000e+05
3.009050000000000000e+05
3.009060000000000000e+05
3.009070000000000000e+05
3.009080000000000000e+05
3.009100000000000000e+05
3.009110000000000000e+05
3.009130000000000000e+05
3.009150000000000000e+05
3.009170000000000000e+05
3.074860000000000000e+05
3.074870000000000000e+05
3.074880000000000000e+05
3.074890000000000000e+05
3.074900000000000000e+05
3.074910000000000000e+05
3.074930000000000000e+05
3.074950000000000000e+05
3.074980000000000000e+05
3.136920000000000000e+05
3.136930000000000000e+05
3.136940000000000000e+05
3.136950000000000000e+05
3.136960000000000000e+05
3.136970000000000000e+05
3.136980000000000000e+05
3.197310000000000000e+05
3.197320000000000000e+05
3.197330000000000000e+05
3.241240000000000000e+05
3.241250000000000000e+05
3.241270000000000000e+05
3.241280000000000000e+05
3.241290000000000000e+05
3.241330000000000000e+05
3.295080000000000000e+05
3.295090000000000000e+05
3.295100000000000000e+05
3.295110000000000000e+05
3.295130000000000000e+05
3.334240000000000000e+05
3.334250000000000000e+05
3.334260000000000000e+05
3.334270000000000000e+05
3.334280000000000000e+05
3.334300000000000000e+05
3.334310000000000000e+05
3.334330000000000000e+05
3.334350000000000000e+05
3.334380000000000000e+05
3.384490000000000000e+05
3.384530000000000000e+05
3.424460000000000000e+05
3.424470000000000000e+05
3.424480000000000000e+05
3.424490000000000000e+05
3.424500000000000000e+05
3.424540000000000000e+05
3.458730000000000000e+05
3.458740000000000000e+05
3.458750000000000000e+05
3.458760000000000000e+05
3.489010000000000000e+05
3.489020000000000000e+05
3.489030000000000000e+05
3.489050000000000000e+05
3.489060000000000000e+05
3.489070000000000000e+05
3.557250000000000000e+05
3.557260000000000000e+05
3.557310000000000000e+05
3.586080000000000000e+05
3.586090000000000000e+05
3.586100000000000000e+05
3.586110000000000000e+05
3.586120000000000000e+05
3.586130000000000000e+05
3.586180000000000000e+05
3.609230000000000000e+05
3.609240000000000000e+05
3.609270000000000000e+05
3.609280000000000000e+05
3.609290000000000000e+05
3.629950000000000000e+05
3.629960000000000000e+05
3.629970000000000000e+05
3.629990000000000000e+05
3.630010000000000000e+05
3.664080000000000000e+05
3.688430000000000000e+05
3.688440000000000000e+05
3.688450000000000000e+05
3.688460000000000000e+05
3.688470000000000000e+05
3.711260000000000000e+05
3.711270000000000000e+05
3.711280000000000000e+05
3.711290000000000000e+05
3.727550000000000000e+05
3.750730000000000000e+05
3.750740000000000000e+05
3.750750000000000000e+05
3.750760000000000000e+05
3.750770000000000000e+05
3.750790000000000000e+05
3.750800000000000000e+05
3.750810000000000000e+05
3.776550000000000000e+05
3.776570000000000000e+05
3.776580000000000000e+05
3.776590000000000000e+05
3.798030000000000000e+05
3.798040000000000000e+05
3.798050000000000000e+05
3.798060000000000000e+05
3.798100000000000000e+05
3.822150000000000000e+05
3.822160000000000000e+05
3.839750000000000000e+05
3.839770000000000000e+05
3.862690000000000000e+05
3.862700000000000000e+05
3.862710000000000000e+05
3.862730000000000000e+05
3.862760000000000000e+05
3.885440000000000000e+05
3.885450000000000000e+05
3.885460000000000000e+05
3.885470000000000000e+05
3.885480000000000000e+05
3.909320000000000000e+05
3.909340000000000000e+05
3.922760000000000000e+05
3.922770000000000000e+05
3.922780000000000000e+05
3.922790000000000000e+05
3.922800000000000000e+05
3.922810000000000000e+05
3.946210000000000000e+05
3.946220000000000000e+05
3.946240000000000000e+05
3.966280000000000000e+05
3.966290000000000000e+05
3.966300000000000000e+05
3.987850000000000000e+05
4.009730000000000000e+05
4.009740000000000000e+05
4.009750000000000000e+05
4.025550000000000000e+05
4.025560000000000000e+05
4.025570000000000000e+05
4.025580000000000000e+05
4.025600000000000000e+05
4.048180000000000000e+05
4.048190000000000000e+05
4.048210000000000000e+05
4.069410000000000000e+05
4.069420000000000000e+05
4.069430000000000000e+05
4.085350000000000000e+05
4.085370000000000000e+05
4.100370000000000000e+05
4.114490000000000000e+05
4.114520000000000000e+05
4.133720000000000000e+05
4.133730000000000000e+05
4.133740000000000000e+05
4.133760000000000000e+05
4.149170000000000000e+05
4.149180000000000000e+05
4.149190000000000000e+05
4.149260000000000000e+05
4.167140000000000000e+05
4.167150000000000000e+05
4.167160000000000000e+05
4.183360000000000000e+05
4.183370000000000000e+05
4.196190000000000000e+05
4.196200000000000000e+05
4.196210000000000000e+05
4.196220000000000000e+05
4.196240000000000000e+05
4.215560000000000000e+05
4.215570000000000000e+05
4.215580000000000000e+05
4.215590000000000000e+05
4.227540000000000000e+05
4.227550000000000000e+05
4.227560000000000000e+05
4.227570000000000000e+05
4.227580000000000000e+05
4.227600000000000000e+05
4.227610000000000000e+05
4.242890000000000000e+05
4.242900000000000000e+05
4.242910000000000000e+05
4.257190000000000000e+05
4.257200000000000000e+05
4.257230000000000000e+05
4.272110000000000000e+05
4.272120000000000000e+05
4.272140000000000000e+05
4.272150000000000000e+05
4.281770000000000000e+05
4.281780000000000000e+05
4.281790000000000000e+05
4.281820000000000000e+05
4.281830000000000000e+05
4.294710000000000000e+05
4.294720000000000000e+05
4.294730000000000000e+05
4.294740000000000000e+05
4.294750000000000000e+05
4.294770000000000000e+05
4.294780000000000000e+05
4.308640000000000000e+05
4.308650000000000000e+05
4.308660000000000000e+05
4.308670000000000000e+05
4.308680000000000000e+05
4.308690000000000000e+05
4.308700000000000000e+05
4.308730000000000000e+05
4.321060000000000000e+05
4.321070000000000000e+05
4.321080000000000000e+05
4.321090000000000000e+05
4.321100000000000000e+05
4.321150000000000000e+05
4.332890000000000000e+05
4.343570000000000000e+05
4.343580000000000000e+05
4.343590000000000000e+05
4.357520000000000000e+05
4.357530000000000000e+05
4.357540000000000000e+05
4.357550000000000000e+05
4.369320000000000000e+05
4.369330000000000000e+05
4.369350000000000000e+05
4.381490000000000000e+05
4.390990000000000000e+05
4.391000000000000000e+05
4.404070000000000000e+05
4.404080000000000000e+05
4.404090000000000000e+05
4.404110000000000000e+05
4.417100000000000000e+05
4.430490000000000000e+05
4.430500000000000000e+05
4.430510000000000000e+05
4.430520000000000000e+05
4.430530000000000000e+05
4.441340000000000000e+05
4.441350000000000000e+05
4.441360000000000000e+05
4.456260000000000000e+05
4.456270000000000000e+05
4.456280000000000000e+05
4.466650000000000000e+05
4.466660000000000000e+05
4.466670000000000000e+05
4.466680000000000000e+05
4.466690000000000000e+05
4.466700000000000000e+05
4.466740000000000000e+05
4.479140000000000000e+05
4.488300000000000000e+05
4.496590000000000000e+05
4.509170000000000000e+05
4.520310000000000000e+05
4.520320000000000000e+05
4.529780000000000000e+05
4.529790000000000000e+05
4.529800000000000000e+05
4.529820000000000000e+05
4.541710000000000000e+05
4.541720000000000000e+05
4.541730000000000000e+05
4.552910000000000000e+05
4.552920000000000000e+05
4.552930000000000000e+05
4.552940000000000000e+05
4.563260000000000000e+05
4.563270000000000000e+05
4.574310000000000000e+05
4.574320000000000000e+05
4.574340000000000000e+05
4.584700000000000000e+05
4.584710000000000000e+05
4.584720000000000000e+05
4.584770000000000000e+05
4.595570000000000000e+05
4.595590000000000000e+05
4.595600000000000000e+05
4.595610000000000000e+05
4.607220000000000000e+05
4.607230000000000000e+05
4.607240000000000000e+05
4.607250000000000000e+05
4.607260000000000000e+05
4.617850000000000000e+05
4.627100000000000000e+05
4.641630000000000000e+05
4.641640000000000000e+05
4.641650000000000000e+05
4.652550000000000000e+05
4.652570000000000000e+05
4.652580000000000000e+05
4.665490000000000000e+05
4.665500000000000000e+05
4.674150000000000000e+05
4.674160000000000000e+05
4.685900000000000000e+05
4.694870000000000000e+05
4.694880000000000000e+05
4.703450000000000000e+05
4.703480000000000000e+05
4.712480000000000000e+05
4.712490000000000000e+05
4.712500000000000000e+05
4.712520000000000000e+05
4.719960000000000000e+05
4.719970000000000000e+05
4.719980000000000000e+05
4.725480000000000000e+05
4.733290000000000000e+05
4.733300000000000000e+05
4.733310000000000000e+05
4.740080000000000000e+05
4.740090000000000000e+05
4.740100000000000000e+05
4.740110000000000000e+05
4.750160000000000000e+05
4.756190000000000000e+05
4.756200000000000000e+05
4.762660000000000000e+05
4.762670000000000000e+05
4.762680000000000000e+05
4.773280000000000000e+05
4.773290000000000000e+05
4.773300000000000000e+05
4.773310000000000000e+05
4.773330000000000000e+05
4.782160000000000000e+05
4.782170000000000000e+05
4.782180000000000000e+05
4.792900000000000000e+05
4.792910000000000000e+05
4.792920000000000000e+05
4.799380000000000000e+05
4.799390000000000000e+05
4.799400000000000000e+05
4.799410000000000000e+05
4.799420000000000000e+05
4.799440000000000000e+05
4.808020000000000000e+05
4.808030000000000000e+05
4.808040000000000000e+05
4.814280000000000000e+05
4.814290000000000000e+05
4.814300000000000000e+05
4.814310000000000000e+05
4.821550000000000000e+05
4.821560000000000000e+05
4.828900000000000000e+05
4.835940000000000000e+05
4.844480000000000000e+05
4.850560000000000000e+05
4.850570000000000000e+05
4.850580000000000000e+05
4.869180000000000000e+05
4.869190000000000000e+05
4.869200000000000000e+05
4.877420000000000000e+05
4.877430000000000000e+05
4.877440000000000000e+05
4.877460000000000000e+05
4.885300000000000000e+05
4.885310000000000000e+05
4.885340000000000000e+05
4.892060000000000000e+05
4.892090000000000000e+05
4.900800000000000000e+05
4.900810000000000000e+05
4.908140000000000000e+05
4.908150000000000000e+05
4.914260000000000000e+05
4.914270000000000000e+05
4.922440000000000000e+05
4.922450000000000000e+05
4.928760000000000000e+05
4.928770000000000000e+05
4.934340000000000000e+05
4.940110000000000000e+05
4.940120000000000000e+05
4.947090000000000000e+05
4.947100000000000000e+05
4.947110000000000000e+05
4.947130000000000000e+05
4.954520000000000000e+05
4.967880000000000000e+05
4.967890000000000000e+05
4.967900000000000000e+05
4.975570000000000000e+05
4.975580000000000000e+05
4.975590000000000000e+05
4.975610000000000000e+05
4.985220000000000000e+05
4.985230000000000000e+05
4.990220000000000000e+05
4.990230000000000000e+05
4.990260000000000000e+05
4.997040000000000000e+05
4.997050000000000000e+05
5.005760000000000000e+05
5.005770000000000000e+05
5.005780000000000000e+05
5.012080000000000000e+05
5.017250000000000000e+05
5.017260000000000000e+05
5.017270000000000000e+05
5.023710000000000000e+05
5.029950000000000000e+05
5.029960000000000000e+05
5.034370000000000000e+05
5.039870000000000000e+05
5.039880000000000000e+05
5.039890000000000000e+05
5.045590000000000000e+05
5.045600000000000000e+05
5.051010000000000000e+05
5.055860000000000000e+05
5.055870000000000000e+05
5.061510000000000000e+05
5.067200000000000000e+05
5.067210000000000000e+05
5.072920000000000000e+05
5.072930000000000000e+05
5.072940000000000000e+05
5.072950000000000000e+05
5.077840000000000000e+05
5.077850000000000000e+05
5.077860000000000000e+05
5.085380000000000000e+05
5.085400000000000000e+05
5.085410000000000000e+05
5.090910000000000000e+05
5.090920000000000000e+05
5.090930000000000000e+05
5.090940000000000000e+05
5.102730000000000000e+05
5.105850000000000000e+05
5.105860000000000000e+05
5.105870000000000000e+05
5.113030000000000000e+05
5.113040000000000000e+05
5.119200000000000000e+05
5.124260000000000000e+05
5.131050000000000000e+05
5.131060000000000000e+05
5.131070000000000000e+05
5.131080000000000000e+05
5.138450000000000000e+05
5.142720000000000000e+05
5.142740000000000000e+05
5.148290000000000000e+05
5.148300000000000000e+05
5.152960000000000000e+05
5.152970000000000000e+05
5.156950000000000000e+05
5.161010000000000000e+05
5.161020000000000000e+05
5.167600000000000000e+05
5.172710000000000000e+05
5.172720000000000000e+05
5.172730000000000000e+05
5.178990000000000000e+05
5.181210000000000000e+05
5.181220000000000000e+05
5.186820000000000000e+05
5.193110000000000000e+05
5.197200000000000000e+05
5.197220000000000000e+05
5.197230000000000000e+05
5.203100000000000000e+05
5.203110000000000000e+05
5.203130000000000000e+05
5.208850000000000000e+05
5.208870000000000000e+05
5.214290000000000000e+05
5.218030000000000000e+05
5.218040000000000000e+05
5.225300000000000000e+05
5.225310000000000000e+05
5.229830000000000000e+05
5.229840000000000000e+05
5.235480000000000000e+05
5.238890000000000000e+05
5.238900000000000000e+05
5.245060000000000000e+05
5.245070000000000000e+05
5.250020000000000000e+05
5.255330000000000000e+05
5.255340000000000000e+05
5.255350000000000000e+05
5.260290000000000000e+05
5.260300000000000000e+05
5.260310000000000000e+05
5.260320000000000000e+05
5.264780000000000000e+05
5.268790000000000000e+05
5.268800000000000000e+05
5.268810000000000000e+05
5.273090000000000000e+05
5.273100000000000000e+05
5.278400000000000000e+05
5.278410000000000000e+05
5.278420000000000000e+05
5.283220000000000000e+05
5.283230000000000000e+05
5.288360000000000000e+05
5.288370000000000000e+05
5.293650000000000000e+05
5.298550000000000000e+05
5.298560000000000000e+05
5.303300000000000000e+05
5.308520000000000000e+05
5.313200000000000000e+05
5.319100000000000000e+05
5.323010000000000000e+05
5.323020000000000000e+05
5.327600000000000000e+05
5.330600000000000000e+05
5.330610000000000000e+05
5.330620000000000000e+05
5.335900000000000000e+05
5.335910000000000000e+05
5.339980000000000000e+05
5.339990000000000000e+05
5.340010000000000000e+05
5.346280000000000000e+05
5.350500000000000000e+05
5.350510000000000000e+05
5.354100000000000000e+05
5.357750000000000000e+05
5.361460000000000000e+05
5.361470000000000000e+05
5.372360000000000000e+05
5.374880000000000000e+05
5.374890000000000000e+05
5.379410000000000000e+05
5.383700000000000000e+05
5.389050000000000000e+05
5.393330000000000000e+05
5.393340000000000000e+05
5.396670000000000000e+05
5.396680000000000000e+05
5.400820000000000000e+05
5.400830000000000000e+05
5.400840000000000000e+05
5.404520000000000000e+05
5.412180000000000000e+05
5.414970000000000000e+05
5.418470000000000000e+05
5.422520000000000000e+05
5.426620000000000000e+05
5.426630000000000000e+05
5.426640000000000000e+05
5.431140000000000000e+05
5.433760000000000000e+05
5.437290000000000000e+05
5.440010000000000000e+05
5.440020000000000000e+05
5.444080000000000000e+05
5.446970000000000000e+05
5.450040000000000000e+05
5.454370000000000000e+05
5.461140000000000000e+05
5.464740000000000000e+05
5.468700000000000000e+05
5.472930000000000000e+05
5.475450000000000000e+05
5.475460000000000000e+05
5.478440000000000000e+05
5.481510000000000000e+05
5.481520000000000000e+05
5.484180000000000000e+05
5.484190000000000000e+05
5.487900000000000000e+05
5.490900000000000000e+05
5.490910000000000000e+05
5.495160000000000000e+05
5.497460000000000000e+05
5.501490000000000000e+05
5.504750000000000000e+05
5.509340000000000000e+05
5.511900000000000000e+05
5.511910000000000000e+05
5.511920000000000000e+05
5.511930000000000000e+05
5.515410000000000000e+05
5.515420000000000000e+05
5.519730000000000000e+05
5.519740000000000000e+05
5.524140000000000000e+05
5.525810000000000000e+05
5.528790000000000000e+05
5.532310000000000000e+05
5.534890000000000000e+05
5.534900000000000000e+05
5.534910000000000000e+05
5.538370000000000000e+05
5.541890000000000000e+05
5.541900000000000000e+05
5.545230000000000000e+05
5.547980000000000000e+05
5.550130000000000000e+05
5.552870000000000000e+05
5.552880000000000000e+05
5.556010000000000000e+05
5.558150000000000000e+05
5.563040000000000000e+05
5.563050000000000000e+05
5.566990000000000000e+05
5.570760000000000000e+05
5.570770000000000000e+05
5.573960000000000000e+05
5.573970000000000000e+05
5.577210000000000000e+05
5.580670000000000000e+05
5.580680000000000000e+05
5.584100000000000000e+05
5.587310000000000000e+05
5.590360000000000000e+05
5.590370000000000000e+05
5.593860000000000000e+05
5.597110000000000000e+05
5.597120000000000000e+05
5.600820000000000000e+05
5.604210000000000000e+05
5.604220000000000000e+05
5.607510000000000000e+05
5.610010000000000000e+05
5.610020000000000000e+05
5.610030000000000000e+05
5.613250000000000000e+05
5.616760000000000000e+05
5.620290000000000000e+05
5.623380000000000000e+05
5.623390000000000000e+05
5.627420000000000000e+05
5.627440000000000000e+05
5.630510000000000000e+05
5.634710000000000000e+05
5.634720000000000000e+05
5.637320000000000000e+05
5.639430000000000000e+05
5.642680000000000000e+05
5.642690000000000000e+05
5.648250000000000000e+05
5.648260000000000000e+05
5.648280000000000000e+05
5.650890000000000000e+05
5.655370000000000000e+05
5.655380000000000000e+05
5.655390000000000000e+05
5.659470000000000000e+05
5.659480000000000000e+05
5.663650000000000000e+05
5.666610000000000000e+05
5.670040000000000000e+05
5.670050000000000000e+05
5.673820000000000000e+05
5.676070000000000000e+05
5.676080000000000000e+05
5.678970000000000000e+05
5.678980000000000000e+05
5.683030000000000000e+05
5.683040000000000000e+05
5.686480000000000000e+05
5.689230000000000000e+05
5.692510000000000000e+05
5.694520000000000000e+05
5.696530000000000000e+05
5.698770000000000000e+05
5.698790000000000000e+05
5.703190000000000000e+05
5.703200000000000000e+05
5.705980000000000000e+05
5.705990000000000000e+05
5.708410000000000000e+05
5.710720000000000000e+05
5.710730000000000000e+05
5.714540000000000000e+05
5.716330000000000000e+05
5.719080000000000000e+05
5.721210000000000000e+05
5.723280000000000000e+05
5.724570000000000000e+05
5.724580000000000000e+05
5.728400000000000000e+05
5.730620000000000000e+05
5.734130000000000000e+05
5.734140000000000000e+05
5.737380000000000000e+05
5.740370000000000000e+05
5.740380000000000000e+05
5.740390000000000000e+05
5.742860000000000000e+05
5.742870000000000000e+05
5.746150000000000000e+05
5.748830000000000000e+05
5.748840000000000000e+05
5.748850000000000000e+05
5.751900000000000000e+05
5.753560000000000000e+05
5.755960000000000000e+05
5.755970000000000000e+05
5.758630000000000000e+05
5.760620000000000000e+05
5.762540000000000000e+05
5.765160000000000000e+05
5.767050000000000000e+05
5.767060000000000000e+05
5.771250000000000000e+05
5.773720000000000000e+05
5.775760000000000000e+05
5.777190000000000000e+05
5.777200000000000000e+05
5.777210000000000000e+05
5.779240000000000000e+05
5.779250000000000000e+05
5.782940000000000000e+05
5.782950000000000000e+05
5.785410000000000000e+05
5.785420000000000000e+05
5.788340000000000000e+05
5.792320000000000000e+05
5.795090000000000000e+05
5.797590000000000000e+05
5.800350000000000000e+05
5.802500000000000000e+05
5.804060000000000000e+05
5.804070000000000000e+05
5.806410000000000000e+05
5.809070000000000000e+05
5.813080000000000000e+05
5.813090000000000000e+05
5.813100000000000000e+05
5.816560000000000000e+05
5.819120000000000000e+05
5.821370000000000000e+05
5.821380000000000000e+05
5.823440000000000000e+05
5.823450000000000000e+05
5.826120000000000000e+05
5.828090000000000000e+05
5.830270000000000000e+05
5.832560000000000000e+05
5.832570000000000000e+05
5.832580000000000000e+05
5.834510000000000000e+05
5.834520000000000000e+05
5.837450000000000000e+05
5.840070000000000000e+05
5.840080000000000000e+05
5.842860000000000000e+05
5.845110000000000000e+05
5.847240000000000000e+05
5.848750000000000000e+05
5.848760000000000000e+05
5.848770000000000000e+05
5.850790000000000000e+05
5.850800000000000000e+05
5.852820000000000000e+05
5.855170000000000000e+05
5.855180000000000000e+05
5.858390000000000000e+05
5.860660000000000000e+05
5.861690000000000000e+05
5.864200000000000000e+05
5.864210000000000000e+05
5.866700000000000000e+05
5.868360000000000000e+05
5.868370000000000000e+05
5.870190000000000000e+05
5.870200000000000000e+05
5.870210000000000000e+05
5.872560000000000000e+05
5.872570000000000000e+05
5.875000000000000000e+05
5.878190000000000000e+05
5.880040000000000000e+05
5.881780000000000000e+05
5.886470000000000000e+05
5.888310000000000000e+05
5.889860000000000000e+05
5.889870000000000000e+05
5.893200000000000000e+05
5.894960000000000000e+05
5.896550000000000000e+05
5.898730000000000000e+05
5.900120000000000000e+05
5.900130000000000000e+05
5.900140000000000000e+05
5.900150000000000000e+05
5.902180000000000000e+05
5.903850000000000000e+05
5.907920000000000000e+05
5.909260000000000000e+05
5.912100000000000000e+05
5.912110000000000000e+05
5.914690000000000000e+05
5.916410000000000000e+05
5.917960000000000000e+05
5.920210000000000000e+05
5.922820000000000000e+05
5.924370000000000000e+05
5.926620000000000000e+05
5.926630000000000000e+05
5.928400000000000000e+05
5.932590000000000000e+05
5.934800000000000000e+05
5.936940000000000000e+05
5.939040000000000000e+05
5.940980000000000000e+05
5.942460000000000000e+05
5.942470000000000000e+05
5.942490000000000000e+05
5.945560000000000000e+05
5.947310000000000000e+05
5.948870000000000000e+05
5.951000000000000000e+05
5.952460000000000000e+05
5.952470000000000000e+05
5.954420000000000000e+05
5.954430000000000000e+05
5.956610000000000000e+05
5.958870000000000000e+05
5.959940000000000000e+05
5.962440000000000000e+05
5.964000000000000000e+05
5.964010000000000000e+05
5.966600000000000000e+05
5.968660000000000000e+05
5.969860000000000000e+05
5.969870000000000000e+05
5.971410000000000000e+05
5.971430000000000000e+05
5.973110000000000000e+05
5.975300000000000000e+05
5.977920000000000000e+05
5.979340000000000000e+05
5.979350000000000000e+05
5.981120000000000000e+05
5.983200000000000000e+05
5.983210000000000000e+05
5.985390000000000000e+05
5.986960000000000000e+05
5.986970000000000000e+05
5.988400000000000000e+05
5.989880000000000000e+05
5.992440000000000000e+05
5.992450000000000000e+05
5.992460000000000000e+05
5.994650000000000000e+05
5.994660000000000000e+05
5.996510000000000000e+05
5.996520000000000000e+05
5.998650000000000000e+05
6.000960000000000000e+05
6.003630000000000000e+05
6.003640000000000000e+05
6.005550000000000000e+05
6.009460000000000000e+05
6.011230000000000000e+05
6.011940000000000000e+05
6.015220000000000000e+05
6.015230000000000000e+05
6.015240000000000000e+05
6.015250000000000000e+05
6.016930000000000000e+05
6.018610000000000000e+05
6.019970000000000000e+05
6.021310000000000000e+05
6.023300000000000000e+05
6.025090000000000000e+05
6.026530000000000000e+05
6.028200000000000000e+05
6.031850000000000000e+05
6.032810000000000000e+05
6.032820000000000000e+05
6.035540000000000000e+05
6.035550000000000000e+05
6.038260000000000000e+05
6.040660000000000000e+05
6.042410000000000000e+05
6.043710000000000000e+05
6.045160000000000000e+05
6.046670000000000000e+05
6.048550000000000000e+05
6.048560000000000000e+05
6.050540000000000000e+05
6.052790000000000000e+05
6.054820000000000000e+05
6.057080000000000000e+05
6.058440000000000000e+05
6.060380000000000000e+05
6.060390000000000000e+05
6.064050000000000000e+05
6.065410000000000000e+05
6.068200000000000000e+05
6.069070000000000000e+05
6.071170000000000000e+05
6.073100000000000000e+05
6.073110000000000000e+05
6.075300000000000000e+05
6.076540000000000000e+05
6.077120000000000000e+05
6.078630000000000000e+05
6.080610000000000000e+05
6.082280000000000000e+05
6.082290000000000000e+05
6.083860000000000000e+05
6.085280000000000000e+05
6.085290000000000000e+05
6.087450000000000000e+05
6.089030000000000000e+05
6.090010000000000000e+05
6.091520000000000000e+05
6.091530000000000000e+05
6.094610000000000000e+05
6.094620000000000000e+05
6.100170000000000000e+05
6.100180000000000000e+05
6.101570000000000000e+05
6.103610000000000000e+05
6.105320000000000000e+05
6.106680000000000000e+05
6.106690000000000000e+05
6.108190000000000000e+05
6.109880000000000000e+05
6.111520000000000000e+05
6.113850000000000000e+05
6.115240000000000000e+05
6.117800000000000000e+05
6.119580000000000000e+05
6.119590000000000000e+05
6.119620000000000000e+05
6.122410000000000000e+05
6.123880000000000000e+05
6.123890000000000000e+05
6.123900000000000000e+05
6.126990000000000000e+05
6.128250000000000000e+05
6.130060000000000000e+05
6.130070000000000000e+05
6.131920000000000000e+05
6.132090000000000000e+05
6.132100000000000000e+05
6.133580000000000000e+05
6.133590000000000000e+05
6.135520000000000000e+05
6.135530000000000000e+05
6.138080000000000000e+05
6.138090000000000000e+05
6.139900000000000000e+05
6.141800000000000000e+05
6.143260000000000000e+05
6.144890000000000000e+05
6.146260000000000000e+05
6.149100000000000000e+05
6.151820000000000000e+05
6.152920000000000000e+05
6.154620000000000000e+05
6.156070000000000000e+05
6.157920000000000000e+05
6.159030000000000000e+05
6.162000000000000000e+05
6.163870000000000000e+05
6.165260000000000000e+05
6.166270000000000000e+05
6.168250000000000000e+05
6.170270000000000000e+05
6.171490000000000000e+05
6.173240000000000000e+05
6.175590000000000000e+05
6.177190000000000000e+05
6.178330000000000000e+05
6.178340000000000000e+05
6.178350000000000000e+05
6.181200000000000000e+05
6.183180000000000000e+05
6.185800000000000000e+05
6.187070000000000000e+05
6.190810000000000000e+05
6.192230000000000000e+05
6.193810000000000000e+05
6.195040000000000000e+05
6.195050000000000000e+05
6.198010000000000000e+05
6.198020000000000000e+05
6.200150000000000000e+05
6.200160000000000000e+05
6.203480000000000000e+05
6.204630000000000000e+05
6.206270000000000000e+05
6.208320000000000000e+05
6.210430000000000000e+05
6.211670000000000000e+05
6.212550000000000000e+05
6.213720000000000000e+05
6.214090000000000000e+05
6.215600000000000000e+05
6.217070000000000000e+05
6.218550000000000000e+05
6.219780000000000000e+05
6.219790000000000000e+05
6.219800000000000000e+05
6.221550000000000000e+05
6.222980000000000000e+05
6.224370000000000000e+05
6.225690000000000000e+05
6.225700000000000000e+05
6.227510000000000000e+05
6.228770000000000000e+05
6.230420000000000000e+05
6.231220000000000000e+05
6.234560000000000000e+05
6.235750000000000000e+05
6.237450000000000000e+05
6.238770000000000000e+05
6.239460000000000000e+05
6.240900000000000000e+05
6.242520000000000000e+05
6.244290000000000000e+05
6.246100000000000000e+05
6.246110000000000000e+05
6.246120000000000000e+05
6.247560000000000000e+05
6.248730000000000000e+05
6.250410000000000000e+05
6.251850000000000000e+05
6.252810000000000000e+05
6.254230000000000000e+05
6.255450000000000000e+05
6.255460000000000000e+05
6.257150000000000000e+05
6.258000000000000000e+05
6.259250000000000000e+05
6.260520000000000000e+05
6.261980000000000000e+05
6.262870000000000000e+05
6.262880000000000000e+05
6.264080000000000000e+05
6.265830000000000000e+05
6.266970000000000000e+05
6.267720000000000000e+05
6.267730000000000000e+05
6.268640000000000000e+05
6.268650000000000000e+05
6.269550000000000000e+05
6.271280000000000000e+05
6.271290000000000000e+05
6.273500000000000000e+05
6.274590000000000000e+05
6.275720000000000000e+05
6.276830000000000000e+05
6.278880000000000000e+05
6.280310000000000000e+05
6.282200000000000000e+05
6.282210000000000000e+05
6.283780000000000000e+05
6.285550000000000000e+05
6.287170000000000000e+05
6.288140000000000000e+05
6.288150000000000000e+05
6.289490000000000000e+05
6.290930000000000000e+05
6.290940000000000000e+05
6.292660000000000000e+05
6.294090000000000000e+05
6.295230000000000000e+05
6.297620000000000000e+05
6.298910000000000000e+05
6.299770000000000000e+05
6.299780000000000000e+05
6.301550000000000000e+05
6.302900000000000000e+05
6.303960000000000000e+05
6.303970000000000000e+05
6.305550000000000000e+05
6.307600000000000000e+05
6.308700000000000000e+05
6.309750000000000000e+05
6.311080000000000000e+05
6.312530000000000000e+05
6.313630000000000000e+05
6.313640000000000000e+05
6.315580000000000000e+05
6.316770000000000000e+05
6.317900000000000000e+05
6.317910000000000000e+05
6.319270000000000000e+05
6.320990000000000000e+05
6.323100000000000000e+05
6.324580000000000000e+05
6.326260000000000000e+05
6.328050000000000000e+05
6.328060000000000000e+05
6.328070000000000000e+05
6.329780000000000000e+05
6.330780000000000000e+05
6.333220000000000000e+05
6.334370000000000000e+05
6.335160000000000000e+05
6.336140000000000000e+05
6.337260000000000000e+05
6.337270000000000000e+05
6.338430000000000000e+05
6.339630000000000000e+05
6.340460000000000000e+05
6.341420000000000000e+05
6.342830000000000000e+05
6.346310000000000000e+05
6.347070000000000000e+05
6.348010000000000000e+05
6.349670000000000000e+05
6.351130000000000000e+05
6.352670000000000000e+05
6.354670000000000000e+05
6.354680000000000000e+05
6.356130000000000000e+05
6.356140000000000000e+05
6.356740000000000000e+05
6.358170000000000000e+05
6.359050000000000000e+05
6.359980000000000000e+05
6.359990000000000000e+05
6.362010000000000000e+05
6.363130000000000000e+05
6.363140000000000000e+05
6.364680000000000000e+05
6.366400000000000000e+05
6.367290000000000000e+05
6.368480000000000000e+05
6.369440000000000000e+05
6.369450000000000000e+05
6.371990000000000000e+05
6.376310000000000000e+05
6.376950000000000000e+05
6.378020000000000000e+05
6.378030000000000000e+05
6.379710000000000000e+05
6.380880000000000000e+05
6.382130000000000000e+05
6.383740000000000000e+05
6.384890000000000000e+05
6.386420000000000000e+05
6.387420000000000000e+05
6.387430000000000000e+05
6.388470000000000000e+05
6.389500000000000000e+05
6.390760000000000000e+05
6.391570000000000000e+05
6.392940000000000000e+05
6.394320000000000000e+05
6.395320000000000000e+05
6.396280000000000000e+05
6.398040000000000000e+05
6.398920000000000000e+05
6.399910000000000000e+05
6.401090000000000000e+05
6.402080000000000000e+05
6.403310000000000000e+05
6.404030000000000000e+05
6.404950000000000000e+05
6.406400000000000000e+05
6.407840000000000000e+05
6.409760000000000000e+05
6.409770000000000000e+05
6.411490000000000000e+05
6.412490000000000000e+05
6.413640000000000000e+05
6.413650000000000000e+05
6.415070000000000000e+05
6.416010000000000000e+05
6.417540000000000000e+05
6.418850000000000000e+05
6.419640000000000000e+05
6.420560000000000000e+05
6.422200000000000000e+05
6.423030000000000000e+05
6.423960000000000000e+05
6.423970000000000000e+05
6.425420000000000000e+05
6.427340000000000000e+05
6.428920000000000000e+05
6.429850000000000000e+05
6.431380000000000000e+05
6.432570000000000000e+05
6.433850000000000000e+05
6.433870000000000000e+05
6.435540000000000000e+05
6.435550000000000000e+05
6.436420000000000000e+05
6.437280000000000000e+05
6.438530000000000000e+05
6.439190000000000000e+05
6.440440000000000000e+05
6.441910000000000000e+05
6.443450000000000000e+05
6.444350000000000000e+05
6.445350000000000000e+05
6.446640000000000000e+05
6.446650000000000000e+05
6.448240000000000000e+05
6.448760000000000000e+05
6.450120000000000000e+05
6.450980000000000000e+05
6.452130000000000000e+05
6.452950000000000000e+05
6.453910000000000000e+05
6.455170000000000000e+05
6.457400000000000000e+05
6.457410000000000000e+05
6.459500000000000000e+05
6.459510000000000000e+05
6.461000000000000000e+05
6.461010000000000000e+05
6.462510000000000000e+05
6.462520000000000000e+05
6.464110000000000000e+05
6.465150000000000000e+05
6.466370000000000000e+05
6.466380000000000000e+05
6.467330000000000000e+05
6.468030000000000000e+05
6.468040000000000000e+05
6.469520000000000000e+05
6.471090000000000000e+05
6.471900000000000000e+05
6.472480000000000000e+05
6.473490000000000000e+05
6.474340000000000000e+05
6.475440000000000000e+05
6.476350000000000000e+05
6.476870000000000000e+05
6.480070000000000000e+05
6.481150000000000000e+05
6.482110000000000000e+05
6.483630000000000000e+05
6.483640000000000000e+05
6.485350000000000000e+05
6.486460000000000000e+05
6.488220000000000000e+05
6.489860000000000000e+05
6.490940000000000000e+05
6.492060000000000000e+05
6.494050000000000000e+05
6.494060000000000000e+05
6.495280000000000000e+05
6.495290000000000000e+05
6.496270000000000000e+05
6.497110000000000000e+05
6.498040000000000000e+05
6.499050000000000000e+05
6.499870000000000000e+05
6.501010000000000000e+05
6.501020000000000000e+05
6.502320000000000000e+05
6.504170000000000000e+05
6.505130000000000000e+05
6.506230000000000000e+05
6.507030000000000000e+05
6.507910000000000000e+05
6.509460000000000000e+05
6.510640000000000000e+05
6.511660000000000000e+05
6.513250000000000000e+05
6.513690000000000000e+05
6.514490000000000000e+05
6.514500000000000000e+05
6.515200000000000000e+05
6.515210000000000000e+05
6.516480000000000000e+05
6.517260000000000000e+05
6.518410000000000000e+05
6.519530000000000000e+05
6.520440000000000000e+05
6.521570000000000000e+05
6.522670000000000000e+05
6.522780000000000000e+05
6.523710000000000000e+05
6.524460000000000000e+05
6.525480000000000000e+05
6.525490000000000000e+05
6.526560000000000000e+05
6.527380000000000000e+05
6.532230000000000000e+05
6.533550000000000000e+05
6.533560000000000000e+05
6.533570000000000000e+05
6.534800000000000000e+05
6.537700000000000000e+05
6.538590000000000000e+05
6.539580000000000000e+05
6.540980000000000000e+05
6.541600000000000000e+05
6.542390000000000000e+05
6.543910000000000000e+05
6.544810000000000000e+05
6.546220000000000000e+05
6.546890000000000000e+05
6.549520000000000000e+05
6.549530000000000000e+05
6.550470000000000000e+05
6.551470000000000000e+05
6.552150000000000000e+05
6.553230000000000000e+05
6.554240000000000000e+05
6.554250000000000000e+05
6.555220000000000000e+05
6.556640000000000000e+05
6.557380000000000000e+05
6.558290000000000000e+05
6.561420000000000000e+05
6.562080000000000000e+05
6.563130000000000000e+05
6.563140000000000000e+05
6.563650000000000000e+05
6.565240000000000000e+05
6.566110000000000000e+05
6.567410000000000000e+05
6.567980000000000000e+05
6.568610000000000000e+05
6.571390000000000000e+05
6.572280000000000000e+05
6.573080000000000000e+05
6.573800000000000000e+05
6.574920000000000000e+05
6.575680000000000000e+05
6.576710000000000000e+05
6.577210000000000000e+05
6.577220000000000000e+05
6.577790000000000000e+05
6.578790000000000000e+05
6.579790000000000000e+05
6.580570000000000000e+05
6.581800000000000000e+05
6.584610000000000000e+05
6.585920000000000000e+05
6.586180000000000000e+05
6.587210000000000000e+05
6.588090000000000000e+05
6.588850000000000000e+05
6.589900000000000000e+05
6.590870000000000000e+05
6.591860000000000000e+05
6.592610000000000000e+05
6.593420000000000000e+05
6.594290000000000000e+05
6.595120000000000000e+05
6.596050000000000000e+05
6.597100000000000000e+05
6.597110000000000000e+05
6.597970000000000000e+05
6.599360000000000000e+05
6.600100000000000000e+05
6.600110000000000000e+05
6.601120000000000000e+05
6.604280000000000000e+05
6.605640000000000000e+05
6.606540000000000000e+05
6.607450000000000000e+05
6.608410000000000000e+05
6.609390000000000000e+05
6.610770000000000000e+05
6.611500000000000000e+05
6.612600000000000000e+05
6.613440000000000000e+05
6.614490000000000000e+05
6.615990000000000000e+05
6.617530000000000000e+05
6.618550000000000000e+05
6.621010000000000000e+05
6.621970000000000000e+05
6.623070000000000000e+05
6.625150000000000000e+05
6.625910000000000000e+05
6.627140000000000000e+05
6.628130000000000000e+05
6.630330000000000000e+05
6.630910000000000000e+05
6.631720000000000000e+05
6.632310000000000000e+05
6.633080000000000000e+05
6.635120000000000000e+05
6.635640000000000000e+05
6.636470000000000000e+05
6.637440000000000000e+05
6.638120000000000000e+05
6.638750000000000000e+05
6.639640000000000000e+05
6.640380000000000000e+05
6.641590000000000000e+05
6.642630000000000000e+05
6.643140000000000000e+05
6.643870000000000000e+05
6.644980000000000000e+05
6.645720000000000000e+05
6.647050000000000000e+05
6.648280000000000000e+05
6.649270000000000000e+05
6.650490000000000000e+05
6.651430000000000000e+05
6.652590000000000000e+05
6.654470000000000000e+05
6.655060000000000000e+05
6.655730000000000000e+05
6.656450000000000000e+05
6.657550000000000000e+05
6.658480000000000000e+05
6.659760000000000000e+05
6.660510000000000000e+05
6.661270000000000000e+05
6.662100000000000000e+05
6.662430000000000000e+05
6.663400000000000000e+05
6.663410000000000000e+05
6.664230000000000000e+05
6.665290000000000000e+05
6.666850000000000000e+05
6.667870000000000000e+05
6.669060000000000000e+05
6.669880000000000000e+05
6.670840000000000000e+05
6.671920000000000000e+05
6.672810000000000000e+05
6.672820000000000000e+05
6.673750000000000000e+05
6.674700000000000000e+05
6.676170000000000000e+05
6.676690000000000000e+05
6.678580000000000000e+05
6.679510000000000000e+05
6.680210000000000000e+05
6.681500000000000000e+05
6.683670000000000000e+05
6.684160000000000000e+05
6.684720000000000000e+05
6.685810000000000000e+05
6.686320000000000000e+05
6.687130000000000000e+05
6.688040000000000000e+05
6.688960000000000000e+05
6.689620000000000000e+05
6.690870000000000000e+05
6.691790000000000000e+05
6.692740000000000000e+05
6.693410000000000000e+05
6.694180000000000000e+05
6.696630000000000000e+05
6.700020000000000000e+05
6.701040000000000000e+05
6.702180000000000000e+05
6.703550000000000000e+05
6.704440000000000000e+05
6.704850000000000000e+05
6.705730000000000000e+05
6.705740000000000000e+05
6.706830000000000000e+05
6.707670000000000000e+05
6.709220000000000000e+05
6.710960000000000000e+05
6.711550000000000000e+05
6.712580000000000000e+05
6.713430000000000000e+05
6.714020000000000000e+05
6.714820000000000000e+05
6.716860000000000000e+05
6.717460000000000000e+05
6.718120000000000000e+05
6.719040000000000000e+05
6.720130000000000000e+05
6.720410000000000000e+05
6.721360000000000000e+05
6.722230000000000000e+05
6.724090000000000000e+05
6.725260000000000000e+05
6.725890000000000000e+05
6.726640000000000000e+05
6.727650000000000000e+05
6.728700000000000000e+05
6.729550000000000000e+05
6.730190000000000000e+05
6.731640000000000000e+05
6.732490000000000000e+05
6.733680000000000000e+05
6.735720000000000000e+05
6.736630000000000000e+05
6.737790000000000000e+05
6.738290000000000000e+05
6.738700000000000000e+05
6.739330000000000000e+05
6.740150000000000000e+05
6.740740000000000000e+05
6.741320000000000000e+05
6.742230000000000000e+05
6.742970000000000000e+05
6.744050000000000000e+05
6.744590000000000000e+05
6.745490000000000000e+05
6.745960000000000000e+05
6.745970000000000000e+05
6.747270000000000000e+05
6.749770000000000000e+05
6.749970000000000000e+05
6.750740000000000000e+05
6.751470000000000000e+05
6.752180000000000000e+05
6.752750000000000000e+05
6.753590000000000000e+05
6.754670000000000000e+05
6.755560000000000000e+05
6.756030000000000000e+05
6.757430000000000000e+05
6.760110000000000000e+05
6.760670000000000000e+05
6.761770000000000000e+05
6.762340000000000000e+05
6.763210000000000000e+05
6.764450000000000000e+05
6.765260000000000000e+05
6.766230000000000000e+05
6.766950000000000000e+05
6.767580000000000000e+05
6.769080000000000000e+05
6.769090000000000000e+05
6.770050000000000000e+05
6.770690000000000000e+05
6.771440000000000000e+05
6.772290000000000000e+05
6.773110000000000000e+05
6.773820000000000000e+05
6.776050000000000000e+05
6.776060000000000000e+05
6.776700000000000000e+05
6.777850000000000000e+05
6.778550000000000000e+05
6.779310000000000000e+05
6.780010000000000000e+05
6.780360000000000000e+05
6.781220000000000000e+05
6.781930000000000000e+05
6.782870000000000000e+05
6.783570000000000000e+05
6.784120000000000000e+05
6.785040000000000000e+05
6.785730000000000000e+05
6.786720000000000000e+05
6.787560000000000000e+05
6.788530000000000000e+05
6.789490000000000000e+05
6.790080000000000000e+05
6.791060000000000000e+05
6.791710000000000000e+05
6.793040000000000000e+05
6.794080000000000000e+05
6.794630000000000000e+05
6.795980000000000000e+05
6.795990000000000000e+05
6.797020000000000000e+05
6.798000000000000000e+05
6.798910000000000000e+05
6.799880000000000000e+05
6.800980000000000000e+05
6.802060000000000000e+05
6.802630000000000000e+05
6.803020000000000000e+05
6.804290000000000000e+05
6.804730000000000000e+05
6.804740000000000000e+05
6.806990000000000000e+05
6.809090000000000000e+05
6.809630000000000000e+05
6.810720000000000000e+05
6.812360000000000000e+05
6.813320000000000000e+05
6.814100000000000000e+05
6.814770000000000000e+05
6.815600000000000000e+05
6.816440000000000000e+05
6.816960000000000000e+05
6.818170000000000000e+05
6.818180000000000000e+05
6.818770000000000000e+05
6.819410000000000000e+05
6.820360000000000000e+05
6.822480000000000000e+05
6.823460000000000000e+05
6.824770000000000000e+05
6.826200000000000000e+05
6.828200000000000000e+05
6.831080000000000000e+05
6.831720000000000000e+05
6.832490000000000000e+05
6.833290000000000000e+05
6.833790000000000000e+05
6.834280000000000000e+05
6.835280000000000000e+05
6.836160000000000000e+05
6.837020000000000000e+05
6.839090000000000000e+05
6.840150000000000000e+05
6.840630000000000000e+05
6.841180000000000000e+05
6.842420000000000000e+05
6.843200000000000000e+05
6.844200000000000000e+05
6.844210000000000000e+05
6.845300000000000000e+05
6.845880000000000000e+05
6.846580000000000000e+05
6.847110000000000000e+05
6.847780000000000000e+05
6.848470000000000000e+05
6.849100000000000000e+05
6.850020000000000000e+05
6.850780000000000000e+05
6.851580000000000000e+05
6.851590000000000000e+05
6.852620000000000000e+05
6.853350000000000000e+05
6.854190000000000000e+05
6.854970000000000000e+05
6.855490000000000000e+05
6.855960000000000000e+05
6.856530000000000000e+05
6.856550000000000000e+05
6.857390000000000000e+05
6.858470000000000000e+05
6.859950000000000000e+05
6.860430000000000000e+05
6.861010000000000000e+05
6.861900000000000000e+05
6.862260000000000000e+05
6.862920000000000000e+05
6.863790000000000000e+05
6.864590000000000000e+05
6.866270000000000000e+05
6.866280000000000000e+05
6.866290000000000000e+05
6.867530000000000000e+05
6.867960000000000000e+05
6.868700000000000000e+05
6.869630000000000000e+05
6.870310000000000000e+05
6.870750000000000000e+05
6.871110000000000000e+05
6.871910000000000000e+05
6.872690000000000000e+05
6.874230000000000000e+05
6.875220000000000000e+05
6.876130000000000000e+05
6.877210000000000000e+05
6.877870000000000000e+05
6.878740000000000000e+05
6.879650000000000000e+05
6.879660000000000000e+05
6.880750000000000000e+05
6.881350000000000000e+05
6.882540000000000000e+05
6.882990000000000000e+05
6.883790000000000000e+05
6.884930000000000000e+05
6.885860000000000000e+05
6.886440000000000000e+05
6.887330000000000000e+05
6.888680000000000000e+05
6.889140000000000000e+05
6.891500000000000000e+05
6.894860000000000000e+05
6.895320000000000000e+05
6.895980000000000000e+05
6.896850000000000000e+05
6.896860000000000000e+05
6.897670000000000000e+05
6.898080000000000000e+05
6.898850000000000000e+05
6.899380000000000000e+05
6.900860000000000000e+05
6.901440000000000000e+05
6.901770000000000000e+05
6.902440000000000000e+05
6.903190000000000000e+05
6.903940000000000000e+05
6.904550000000000000e+05
6.905550000000000000e+05
6.906380000000000000e+05
6.908670000000000000e+05
6.909570000000000000e+05
6.910160000000000000e+05
6.911180000000000000e+05
6.911930000000000000e+05
6.913580000000000000e+05
6.914690000000000000e+05
6.915450000000000000e+05
6.916550000000000000e+05
6.917080000000000000e+05
6.917740000000000000e+05
6.918850000000000000e+05
6.918860000000000000e+05
6.919560000000000000e+05
6.920440000000000000e+05
6.921940000000000000e+05
6.922810000000000000e+05
6.923320000000000000e+05
6.924130000000000000e+05
6.924710000000000000e+05
6.925250000000000000e+05
6.926090000000000000e+05
6.927140000000000000e+05
6.927990000000000000e+05
6.929470000000000000e+05
6.929810000000000000e+05
6.929970000000000000e+05
6.930670000000000000e+05
6.931100000000000000e+05
6.931640000000000000e+05
6.932040000000000000e+05
6.932630000000000000e+05
6.933040000000000000e+05
6.933830000000000000e+05
6.934330000000000000e+05
6.935220000000000000e+05
6.935540000000000000e+05
6.936180000000000000e+05
6.936890000000000000e+05
6.937510000000000000e+05
6.937910000000000000e+05
6.938350000000000000e+05
6.939080000000000000e+05
6.941240000000000000e+05
6.941760000000000000e+05
6.942310000000000000e+05
6.943010000000000000e+05
6.944210000000000000e+05
6.944880000000000000e+05
6.945420000000000000e+05
6.946400000000000000e+05
6.947030000000000000e+05
6.948320000000000000e+05
6.949240000000000000e+05
6.949770000000000000e+05
6.950630000000000000e+05
6.951240000000000000e+05
6.953270000000000000e+05
6.954040000000000000e+05
6.954790000000000000e+05
6.955550000000000000e+05
6.956180000000000000e+05
6.956890000000000000e+05
6.957620000000000000e+05
6.958190000000000000e+05
6.958930000000000000e+05
6.959620000000000000e+05
6.959630000000000000e+05
6.960350000000000000e+05
6.960770000000000000e+05
6.961470000000000000e+05
6.962350000000000000e+05
6.963100000000000000e+05
6.963850000000000000e+05
6.964750000000000000e+05
6.965590000000000000e+05
6.965620000000000000e+05
6.966280000000000000e+05
6.966790000000000000e+05
6.967310000000000000e+05
6.967760000000000000e+05
6.968540000000000000e+05
6.969370000000000000e+05
6.970080000000000000e+05
6.970820000000000000e+05
6.971530000000000000e+05
6.972100000000000000e+05
6.972780000000000000e+05
6.973280000000000000e+05
6.973810000000000000e+05
6.974620000000000000e+05
6.975610000000000000e+05
6.976750000000000000e+05
6.977820000000000000e+05
6.978530000000000000e+05
6.979480000000000000e+05
6.979490000000000000e+05
6.980260000000000000e+05
6.980760000000000000e+05
6.981520000000000000e+05
6.982290000000000000e+05
6.982680000000000000e+05
6.983630000000000000e+05
6.984320000000000000e+05
6.984650000000000000e+05
6.985000000000000000e+05
6.985670000000000000e+05
6.986130000000000000e+05
6.986440000000000000e+05
6.986900000000000000e+05
6.987420000000000000e+05
6.987860000000000000e+05
6.988450000000000000e+05
6.989230000000000000e+05
6.989690000000000000e+05
6.990110000000000000e+05
6.990520000000000000e+05
6.990960000000000000e+05
6.991540000000000000e+05
6.992080000000000000e+05
6.992710000000000000e+05
6.993510000000000000e+05
6.993980000000000000e+05
6.994320000000000000e+05
6.994670000000000000e+05
6.995310000000000000e+05
6.997300000000000000e+05
6.997980000000000000e+05
6.998490000000000000e+05
6.999270000000000000e+05
6.999670000000000000e+05
7.000180000000000000e+05
7.000580000000000000e+05
7.001070000000000000e+05
7.001690000000000000e+05
7.002220000000000000e+05
7.002730000000000000e+05
7.003380000000000000e+05
7.003980000000000000e+05
7.004340000000000000e+05
7.005250000000000000e+05
7.006440000000000000e+05
7.006730000000000000e+05
7.008080000000000000e+05
7.008780000000000000e+05
7.009000000000000000e+05
7.009350000000000000e+05
7.009940000000000000e+05
7.010810000000000000e+05
7.011430000000000000e+05
7.012450000000000000e+05
7.013190000000000000e+05
7.013720000000000000e+05
7.013730000000000000e+05
7.014470000000000000e+05
7.015330000000000000e+05
7.015810000000000000e+05
7.016440000000000000e+05
7.017170000000000000e+05
7.017980000000000000e+05
7.018600000000000000e+05
7.020300000000000000e+05
7.020940000000000000e+05
7.021350000000000000e+05
7.021750000000000000e+05
7.021980000000000000e+05
7.022430000000000000e+05
7.023050000000000000e+05
7.023640000000000000e+05
7.024500000000000000e+05
7.025120000000000000e+05
7.025580000000000000e+05
7.025810000000000000e+05
7.026670000000000000e+05
7.027100000000000000e+05
7.027950000000000000e+05
7.028270000000000000e+05
7.029250000000000000e+05
7.030050000000000000e+05
7.030830000000000000e+05
7.031250000000000000e+05
7.031790000000000000e+05
7.032490000000000000e+05
7.033120000000000000e+05
7.033720000000000000e+05
7.034100000000000000e+05
7.035330000000000000e+05
7.036200000000000000e+05
7.037020000000000000e+05
7.038680000000000000e+05
7.039600000000000000e+05
7.040330000000000000e+05
7.040840000000000000e+05
7.041260000000000000e+05
7.042470000000000000e+05
7.042940000000000000e+05
7.043480000000000000e+05
7.043810000000000000e+05
7.045400000000000000e+05
7.045920000000000000e+05
7.046460000000000000e+05
7.046900000000000000e+05
7.047580000000000000e+05
7.047940000000000000e+05
7.048690000000000000e+05
7.049330000000000000e+05
7.050090000000000000e+05
7.050650000000000000e+05
7.051190000000000000e+05
7.052410000000000000e+05
7.052750000000000000e+05
7.053230000000000000e+05
7.054140000000000000e+05
7.054780000000000000e+05
7.055250000000000000e+05
7.055950000000000000e+05
7.057260000000000000e+05
7.057950000000000000e+05
7.059090000000000000e+05
7.060000000000000000e+05
7.060420000000000000e+05
7.061630000000000000e+05
7.061990000000000000e+05
7.062000000000000000e+05
7.063440000000000000e+05
7.063930000000000000e+05
7.065370000000000000e+05
7.065730000000000000e+05
7.066270000000000000e+05
7.066580000000000000e+05
7.068350000000000000e+05
7.069380000000000000e+05
7.069960000000000000e+05
7.071030000000000000e+05
7.071450000000000000e+05
7.071840000000000000e+05
7.072390000000000000e+05
7.072850000000000000e+05
7.073370000000000000e+05
7.074780000000000000e+05
7.076070000000000000e+05
7.076900000000000000e+05
7.077280000000000000e+05
7.078390000000000000e+05
7.078760000000000000e+05
7.079550000000000000e+05
7.080250000000000000e+05
7.081080000000000000e+05
7.081640000000000000e+05
7.081920000000000000e+05
7.081930000000000000e+05
7.082340000000000000e+05
7.082930000000000000e+05
7.083560000000000000e+05
7.083950000000000000e+05
7.084590000000000000e+05
7.084740000000000000e+05
7.086190000000000000e+05
7.086360000000000000e+05
7.086960000000000000e+05
7.087470000000000000e+05
7.088100000000000000e+05
7.088630000000000000e+05
7.089100000000000000e+05
7.089370000000000000e+05
7.090400000000000000e+05
7.090650000000000000e+05
7.090930000000000000e+05
7.091790000000000000e+05
7.092240000000000000e+05
7.093450000000000000e+05
7.093970000000000000e+05
7.094700000000000000e+05
7.095060000000000000e+05
7.096040000000000000e+05
7.096510000000000000e+05
7.096990000000000000e+05
7.097470000000000000e+05
7.098010000000000000e+05
7.098310000000000000e+05
7.098990000000000000e+05
7.100220000000000000e+05
7.100760000000000000e+05
7.101180000000000000e+05
7.102690000000000000e+05
7.103630000000000000e+05
7.104260000000000000e+05
7.105040000000000000e+05
7.105410000000000000e+05
7.105910000000000000e+05
7.106520000000000000e+05
7.107160000000000000e+05
7.107750000000000000e+05
7.108610000000000000e+05
7.109140000000000000e+05
7.109820000000000000e+05
7.110100000000000000e+05
7.110690000000000000e+05
7.111250000000000000e+05
7.111920000000000000e+05
7.112360000000000000e+05
7.112920000000000000e+05
7.113390000000000000e+05
7.114620000000000000e+05
7.115020000000000000e+05
7.117190000000000000e+05
7.118530000000000000e+05
7.118960000000000000e+05
7.120180000000000000e+05
7.120610000000000000e+05
7.121110000000000000e+05
7.121780000000000000e+05
7.122240000000000000e+05
7.122720000000000000e+05
7.123160000000000000e+05
7.123790000000000000e+05
7.124570000000000000e+05
7.125910000000000000e+05
7.129420000000000000e+05
7.130030000000000000e+05
7.131550000000000000e+05
7.132010000000000000e+05
7.133270000000000000e+05
7.134020000000000000e+05
7.135260000000000000e+05
7.136190000000000000e+05
7.136650000000000000e+05
7.138680000000000000e+05
7.139140000000000000e+05
7.139780000000000000e+05
7.140490000000000000e+05
7.140930000000000000e+05
7.141450000000000000e+05
7.142000000000000000e+05
7.143050000000000000e+05
7.143980000000000000e+05
7.144630000000000000e+05
7.145590000000000000e+05
7.145870000000000000e+05
7.146350000000000000e+05
7.146830000000000000e+05
7.147120000000000000e+05
7.147980000000000000e+05
7.148620000000000000e+05
7.149670000000000000e+05
7.150070000000000000e+05
7.151160000000000000e+05
7.151530000000000000e+05
7.152070000000000000e+05
7.153520000000000000e+05
7.154220000000000000e+05
7.154650000000000000e+05
7.155030000000000000e+05
7.155660000000000000e+05
7.156000000000000000e+05
7.157430000000000000e+05
7.157820000000000000e+05
7.158480000000000000e+05
7.159110000000000000e+05
7.159360000000000000e+05
7.159720000000000000e+05
7.160290000000000000e+05
7.160300000000000000e+05
7.160670000000000000e+05
7.161610000000000000e+05
7.162020000000000000e+05
7.163390000000000000e+05
7.164000000000000000e+05
7.164620000000000000e+05
7.165140000000000000e+05
7.166190000000000000e+05
7.166540000000000000e+05
7.166970000000000000e+05
7.168170000000000000e+05
7.168580000000000000e+05
7.168920000000000000e+05
7.168930000000000000e+05
7.170170000000000000e+05
7.170430000000000000e+05
7.170870000000000000e+05
7.171570000000000000e+05
7.172340000000000000e+05
7.172800000000000000e+05
7.173080000000000000e+05
7.173560000000000000e+05
7.174080000000000000e+05
7.174450000000000000e+05
7.174770000000000000e+05
7.174990000000000000e+05
7.175280000000000000e+05
7.175840000000000000e+05
7.176700000000000000e+05
7.177980000000000000e+05
7.178390000000000000e+05
7.179030000000000000e+05
7.179700000000000000e+05
7.180300000000000000e+05
7.180820000000000000e+05
7.181710000000000000e+05
7.182410000000000000e+05
7.182780000000000000e+05
7.186080000000000000e+05
7.186640000000000000e+05
7.187210000000000000e+05
7.188260000000000000e+05
7.188730000000000000e+05
7.189080000000000000e+05
7.189370000000000000e+05
7.191000000000000000e+05
7.191580000000000000e+05
7.192610000000000000e+05
7.192810000000000000e+05
7.193180000000000000e+05
7.193550000000000000e+05
7.194290000000000000e+05
7.194710000000000000e+05
7.195070000000000000e+05
7.195580000000000000e+05
7.196080000000000000e+05
7.197990000000000000e+05
7.198820000000000000e+05
7.199270000000000000e+05
7.201380000000000000e+05
7.201690000000000000e+05
7.202420000000000000e+05
7.202950000000000000e+05
7.203780000000000000e+05
7.205650000000000000e+05
7.206680000000000000e+05
7.207070000000000000e+05
7.207450000000000000e+05
7.208220000000000000e+05
7.208860000000000000e+05
7.209240000000000000e+05
7.209690000000000000e+05
7.210130000000000000e+05
7.210620000000000000e+05
7.212350000000000000e+05
7.212950000000000000e+05
7.214100000000000000e+05
7.214690000000000000e+05
7.215490000000000000e+05
7.215760000000000000e+05
7.216240000000000000e+05
7.216380000000000000e+05
7.216860000000000000e+05
7.217640000000000000e+05
7.218290000000000000e+05
7.218930000000000000e+05
7.219200000000000000e+05
7.219470000000000000e+05
7.219590000000000000e+05
7.219930000000000000e+05
7.220700000000000000e+05
7.221230000000000000e+05
7.222070000000000000e+05
7.222690000000000000e+05
7.224650000000000000e+05
7.225330000000000000e+05
7.225840000000000000e+05
7.226450000000000000e+05
7.226810000000000000e+05
7.227860000000000000e+05
7.228620000000000000e+05
7.229100000000000000e+05
7.230110000000000000e+05
7.230440000000000000e+05
7.231400000000000000e+05
7.232160000000000000e+05
7.232750000000000000e+05
7.233220000000000000e+05
7.233910000000000000e+05
7.234490000000000000e+05
7.234870000000000000e+05
7.235910000000000000e+05
7.236760000000000000e+05
7.237080000000000000e+05
7.237290000000000000e+05
7.238220000000000000e+05
7.238890000000000000e+05
7.239240000000000000e+05
7.239750000000000000e+05
7.240060000000000000e+05
7.240670000000000000e+05
7.241300000000000000e+05
7.242140000000000000e+05
7.242780000000000000e+05
7.243150000000000000e+05
7.243630000000000000e+05
7.244720000000000000e+05
7.246480000000000000e+05
7.246900000000000000e+05
7.247570000000000000e+05
7.247820000000000000e+05
7.248320000000000000e+05
7.248910000000000000e+05
7.249410000000000000e+05
7.249920000000000000e+05
7.250740000000000000e+05
7.251200000000000000e+05
7.251500000000000000e+05
7.251730000000000000e+05
7.252470000000000000e+05
7.253090000000000000e+05
7.253390000000000000e+05
7.254010000000000000e+05
7.255650000000000000e+05
7.255950000000000000e+05
7.258350000000000000e+05
7.258900000000000000e+05
7.261120000000000000e+05
7.261980000000000000e+05
7.262220000000000000e+05
7.262930000000000000e+05
7.264320000000000000e+05
7.264680000000000000e+05
7.266090000000000000e+05
7.267510000000000000e+05
7.267810000000000000e+05
7.268320000000000000e+05
7.270100000000000000e+05
7.270860000000000000e+05
7.272060000000000000e+05
7.272420000000000000e+05
7.272690000000000000e+05
7.273080000000000000e+05
7.275390000000000000e+05
7.275820000000000000e+05
7.275960000000000000e+05
7.276500000000000000e+05
7.276930000000000000e+05
7.277430000000000000e+05
7.277880000000000000e+05
7.278260000000000000e+05
7.279220000000000000e+05
7.279840000000000000e+05
7.280400000000000000e+05
7.280720000000000000e+05
7.281690000000000000e+05
7.282210000000000000e+05
7.282580000000000000e+05
7.283270000000000000e+05
7.283450000000000000e+05
7.283860000000000000e+05
7.284660000000000000e+05
7.285650000000000000e+05
7.286090000000000000e+05
7.286420000000000000e+05
7.286820000000000000e+05
7.287260000000000000e+05
7.287690000000000000e+05
7.288020000000000000e+05
7.288590000000000000e+05
7.289420000000000000e+05
7.289960000000000000e+05
7.291050000000000000e+05
7.291600000000000000e+05
7.293980000000000000e+05
7.294410000000000000e+05
7.294730000000000000e+05
7.295290000000000000e+05
7.295490000000000000e+05
7.296700000000000000e+05
7.297920000000000000e+05
7.300350000000000000e+05
7.301970000000000000e+05
7.302320000000000000e+05
7.303880000000000000e+05
7.304100000000000000e+05
7.304430000000000000e+05
7.304940000000000000e+05
7.305130000000000000e+05
7.306000000000000000e+05
7.306650000000000000e+05
7.307150000000000000e+05
7.308550000000000000e+05
7.309260000000000000e+05
7.309510000000000000e+05
7.311370000000000000e+05
7.311840000000000000e+05
7.312930000000000000e+05
7.313300000000000000e+05
7.313840000000000000e+05
7.314490000000000000e+05
7.314800000000000000e+05
7.315240000000000000e+05
7.315980000000000000e+05
7.320100000000000000e+05
7.320680000000000000e+05
7.321160000000000000e+05
7.321300000000000000e+05
7.321690000000000000e+05
7.321860000000000000e+05
7.322210000000000000e+05
7.322550000000000000e+05
7.323210000000000000e+05
7.324940000000000000e+05
7.325230000000000000e+05
7.325800000000000000e+05
7.326860000000000000e+05
7.327210000000000000e+05
7.327560000000000000e+05
7.328000000000000000e+05
7.328520000000000000e+05
7.328810000000000000e+05
7.329380000000000000e+05
7.329950000000000000e+05
7.330150000000000000e+05
7.331200000000000000e+05
7.331490000000000000e+05
7.331910000000000000e+05
7.332580000000000000e+05
7.332810000000000000e+05
7.333440000000000000e+05
7.333830000000000000e+05
7.334210000000000000e+05
7.335180000000000000e+05
7.336320000000000000e+05
7.337240000000000000e+05
7.337700000000000000e+05
7.338260000000000000e+05
7.339100000000000000e+05
7.339660000000000000e+05
7.340410000000000000e+05
7.341280000000000000e+05
7.341540000000000000e+05
7.342930000000000000e+05
7.343290000000000000e+05
7.345250000000000000e+05
7.345810000000000000e+05
7.346290000000000000e+05
7.346660000000000000e+05
7.347570000000000000e+05
7.347980000000000000e+05
7.349270000000000000e+05
7.349570000000000000e+05
7.350120000000000000e+05
7.350510000000000000e+05
7.350800000000000000e+05
7.351650000000000000e+05
7.351850000000000000e+05
7.352910000000000000e+05
7.353570000000000000e+05
7.353920000000000000e+05
7.354350000000000000e+05
7.354980000000000000e+05
7.355400000000000000e+05
7.355810000000000000e+05
7.356080000000000000e+05
7.356480000000000000e+05
7.356640000000000000e+05
7.356860000000000000e+05
7.358390000000000000e+05
7.358650000000000000e+05
7.358960000000000000e+05
7.359210000000000000e+05
7.359420000000000000e+05
7.359830000000000000e+05
7.361160000000000000e+05
7.361950000000000000e+05
7.362690000000000000e+05
7.362960000000000000e+05
7.363200000000000000e+05
7.363590000000000000e+05
7.363700000000000000e+05
7.364080000000000000e+05
7.364990000000000000e+05
7.365690000000000000e+05
7.366190000000000000e+05
7.366700000000000000e+05
7.367300000000000000e+05
7.367460000000000000e+05
7.368050000000000000e+05
7.369440000000000000e+05
7.369830000000000000e+05
7.370430000000000000e+05
7.370970000000000000e+05
7.371580000000000000e+05
7.371840000000000000e+05
7.372340000000000000e+05
7.372770000000000000e+05
7.373100000000000000e+05
7.373440000000000000e+05
7.374140000000000000e+05
7.374640000000000000e+05
7.375770000000000000e+05
7.376500000000000000e+05
7.377000000000000000e+05
7.377350000000000000e+05
7.377830000000000000e+05
7.378950000000000000e+05
7.379120000000000000e+05
7.380220000000000000e+05
7.380830000000000000e+05
7.381110000000000000e+05
7.381330000000000000e+05
7.381670000000000000e+05
7.382610000000000000e+05
7.382760000000000000e+05
7.383080000000000000e+05
7.383360000000000000e+05
7.383690000000000000e+05
7.384260000000000000e+05
7.384610000000000000e+05
7.385360000000000000e+05
7.385600000000000000e+05
7.386050000000000000e+05
7.387360000000000000e+05
7.387930000000000000e+05
7.388350000000000000e+05
7.389430000000000000e+05
7.390210000000000000e+05
7.390550000000000000e+05
7.391590000000000000e+05
7.392490000000000000e+05
7.393230000000000000e+05
7.393550000000000000e+05
7.393830000000000000e+05
7.394320000000000000e+05
7.394540000000000000e+05
7.394960000000000000e+05
7.395300000000000000e+05
7.395510000000000000e+05
7.396190000000000000e+05
7.396770000000000000e+05
7.397540000000000000e+05
7.397970000000000000e+05
7.398190000000000000e+05
7.398680000000000000e+05
7.399180000000000000e+05
7.399370000000000000e+05
7.399640000000000000e+05
7.399840000000000000e+05
7.400110000000000000e+05
7.400580000000000000e+05
7.400990000000000000e+05
7.401920000000000000e+05
7.402230000000000000e+05
7.404600000000000000e+05
7.405080000000000000e+05
7.405230000000000000e+05
7.406070000000000000e+05
7.406580000000000000e+05
7.407480000000000000e+05
7.407780000000000000e+05
7.408050000000000000e+05
7.408700000000000000e+05
7.409180000000000000e+05
7.409530000000000000e+05
7.409960000000000000e+05
7.411110000000000000e+05
7.413880000000000000e+05
7.415090000000000000e+05
7.415540000000000000e+05
7.415990000000000000e+05
7.416290000000000000e+05
7.416620000000000000e+05
7.416940000000000000e+05
7.417240000000000000e+05
7.417840000000000000e+05
7.418090000000000000e+05
7.418400000000000000e+05
7.419180000000000000e+05
7.419630000000000000e+05
7.420350000000000000e+05
7.420660000000000000e+05
7.420910000000000000e+05
7.421580000000000000e+05
7.423010000000000000e+05
7.423370000000000000e+05
7.424610000000000000e+05
7.425130000000000000e+05
7.425360000000000000e+05
7.425910000000000000e+05
7.426470000000000000e+05
7.426890000000000000e+05
7.427150000000000000e+05
7.427350000000000000e+05
7.427720000000000000e+05
7.428510000000000000e+05
7.430050000000000000e+05
7.431650000000000000e+05
7.432120000000000000e+05
7.432440000000000000e+05
7.432760000000000000e+05
7.433300000000000000e+05
7.433530000000000000e+05
7.433750000000000000e+05
7.434200000000000000e+05
7.434550000000000000e+05
7.435020000000000000e+05
7.435450000000000000e+05
7.436450000000000000e+05
7.436920000000000000e+05
7.437440000000000000e+05
7.437780000000000000e+05
7.439100000000000000e+05
7.440070000000000000e+05
7.440400000000000000e+05
7.440800000000000000e+05
7.441630000000000000e+05
7.442160000000000000e+05
7.442300000000000000e+05
7.442980000000000000e+05
7.443160000000000000e+05
7.443970000000000000e+05
7.445780000000000000e+05
7.446910000000000000e+05
7.448090000000000000e+05
7.448860000000000000e+05
7.449450000000000000e+05
7.450730000000000000e+05
7.452060000000000000e+05
7.452760000000000000e+05
7.453100000000000000e+05
7.453430000000000000e+05
7.454750000000000000e+05
7.455130000000000000e+05
7.455510000000000000e+05
7.456010000000000000e+05
7.458820000000000000e+05
7.459220000000000000e+05
7.459710000000000000e+05
7.460100000000000000e+05
7.460420000000000000e+05
7.460670000000000000e+05
7.461080000000000000e+05
7.461800000000000000e+05
7.462140000000000000e+05
7.462410000000000000e+05
7.463220000000000000e+05
7.463700000000000000e+05
7.464290000000000000e+05
7.464380000000000000e+05
7.465080000000000000e+05
7.465590000000000000e+05
7.465790000000000000e+05
7.466710000000000000e+05
7.466990000000000000e+05
7.467350000000000000e+05
7.467650000000000000e+05
7.468060000000000000e+05
7.468270000000000000e+05
7.468940000000000000e+05
7.469230000000000000e+05
7.471180000000000000e+05
7.472120000000000000e+05
7.474160000000000000e+05
7.474780000000000000e+05
7.475120000000000000e+05
7.476020000000000000e+05
7.476580000000000000e+05
7.477660000000000000e+05
7.477920000000000000e+05
7.478560000000000000e+05
7.479870000000000000e+05
7.480260000000000000e+05
7.480490000000000000e+05
7.480940000000000000e+05
7.481480000000000000e+05
7.482080000000000000e+05
7.482530000000000000e+05
7.482960000000000000e+05
7.484270000000000000e+05
7.485790000000000000e+05
7.488810000000000000e+05
7.489250000000000000e+05
7.489670000000000000e+05
7.490130000000000000e+05
7.490750000000000000e+05
7.490960000000000000e+05
7.491310000000000000e+05
7.491610000000000000e+05
7.492020000000000000e+05
7.492600000000000000e+05
7.492880000000000000e+05
7.493250000000000000e+05
7.493390000000000000e+05
7.494320000000000000e+05
7.494530000000000000e+05
7.494730000000000000e+05
7.494930000000000000e+05
7.495330000000000000e+05
7.495660000000000000e+05
7.496420000000000000e+05
7.496710000000000000e+05
7.497080000000000000e+05
7.497660000000000000e+05
7.498480000000000000e+05
7.499900000000000000e+05
7.500150000000000000e+05
7.500580000000000000e+05
7.502020000000000000e+05
7.504110000000000000e+05
7.504470000000000000e+05
7.504820000000000000e+05
7.505050000000000000e+05
7.505270000000000000e+05
7.505510000000000000e+05
7.506220000000000000e+05
7.507870000000000000e+05
7.508840000000000000e+05
7.509850000000000000e+05
7.510010000000000000e+05
7.510660000000000000e+05
7.511840000000000000e+05
7.512300000000000000e+05
7.512550000000000000e+05
7.512940000000000000e+05
7.513220000000000000e+05
7.514140000000000000e+05
7.514440000000000000e+05
7.514770000000000000e+05
7.515300000000000000e+05
7.515690000000000000e+05
7.516450000000000000e+05
7.517600000000000000e+05
7.519410000000000000e+05
7.520460000000000000e+05
7.520840000000000000e+05
7.521680000000000000e+05
7.523120000000000000e+05
7.523710000000000000e+05
7.524840000000000000e+05
7.525550000000000000e+05
7.525930000000000000e+05
7.526950000000000000e+05
7.527570000000000000e+05
7.528160000000000000e+05
7.528600000000000000e+05
7.529440000000000000e+05
7.529900000000000000e+05
7.530240000000000000e+05
7.531080000000000000e+05
7.531720000000000000e+05
7.532040000000000000e+05
7.533380000000000000e+05
7.533650000000000000e+05
7.534300000000000000e+05
7.535740000000000000e+05
7.536060000000000000e+05
7.536330000000000000e+05
7.536980000000000000e+05
7.537260000000000000e+05
7.537810000000000000e+05
7.538490000000000000e+05
7.539080000000000000e+05
7.539680000000000000e+05
7.539940000000000000e+05
7.541870000000000000e+05
7.542210000000000000e+05
7.542870000000000000e+05
7.543110000000000000e+05
7.543420000000000000e+05
7.544830000000000000e+05
7.545040000000000000e+05
7.545240000000000000e+05
7.545560000000000000e+05
7.545870000000000000e+05
7.546370000000000000e+05
7.546800000000000000e+05
7.547090000000000000e+05
7.547210000000000000e+05
7.547400000000000000e+05
7.547710000000000000e+05
7.548020000000000000e+05
7.548590000000000000e+05
7.548800000000000000e+05
7.549310000000000000e+05
7.550390000000000000e+05
7.551090000000000000e+05
7.551220000000000000e+05
7.551710000000000000e+05
7.552180000000000000e+05
7.552350000000000000e+05
7.552600000000000000e+05
7.552860000000000000e+05
7.553200000000000000e+05
7.553620000000000000e+05
7.554110000000000000e+05
7.554420000000000000e+05
7.554770000000000000e+05
7.555750000000000000e+05
7.556430000000000000e+05
7.556630000000000000e+05
7.556780000000000000e+05
7.557010000000000000e+05
7.557410000000000000e+05
7.557760000000000000e+05
7.558180000000000000e+05
7.558980000000000000e+05
7.559260000000000000e+05
7.559570000000000000e+05
7.559790000000000000e+05
7.559850000000000000e+05
7.561310000000000000e+05
7.562830000000000000e+05
7.563890000000000000e+05
7.564210000000000000e+05
7.564400000000000000e+05
7.564790000000000000e+05
7.565640000000000000e+05
7.565900000000000000e+05
7.566860000000000000e+05
7.567420000000000000e+05
7.568220000000000000e+05
7.569190000000000000e+05
7.569390000000000000e+05
7.569820000000000000e+05
7.570070000000000000e+05
7.570400000000000000e+05
7.570930000000000000e+05
7.571310000000000000e+05
7.571530000000000000e+05
7.572180000000000000e+05
7.572630000000000000e+05
7.573480000000000000e+05
7.574200000000000000e+05
7.574550000000000000e+05
7.574880000000000000e+05
7.575270000000000000e+05
7.575520000000000000e+05
7.576370000000000000e+05
7.576670000000000000e+05
7.577490000000000000e+05
7.578180000000000000e+05
7.578800000000000000e+05
7.579060000000000000e+05
7.579840000000000000e+05
7.580230000000000000e+05
7.580710000000000000e+05
7.581080000000000000e+05
7.581540000000000000e+05
7.581940000000000000e+05
7.582350000000000000e+05
7.582690000000000000e+05
7.584730000000000000e+05
7.585450000000000000e+05
7.585680000000000000e+05
7.586030000000000000e+05
7.586560000000000000e+05
7.586830000000000000e+05
7.587210000000000000e+05
7.591060000000000000e+05
7.592020000000000000e+05
7.593750000000000000e+05
7.594510000000000000e+05
7.595820000000000000e+05
7.596020000000000000e+05
7.596570000000000000e+05
7.596960000000000000e+05
7.597320000000000000e+05
7.597610000000000000e+05
7.599170000000000000e+05
7.600290000000000000e+05
7.602090000000000000e+05
7.603240000000000000e+05
7.604730000000000000e+05
7.605540000000000000e+05
7.606180000000000000e+05
7.606760000000000000e+05
7.607720000000000000e+05
7.609460000000000000e+05
7.610690000000000000e+05
7.611930000000000000e+05
7.612450000000000000e+05
7.613720000000000000e+05
7.614340000000000000e+05
7.614970000000000000e+05
7.615300000000000000e+05
7.616190000000000000e+05
7.616470000000000000e+05
7.616690000000000000e+05
7.617070000000000000e+05
7.617320000000000000e+05
7.618420000000000000e+05
7.619060000000000000e+05
7.619670000000000000e+05
7.620280000000000000e+05
7.620850000000000000e+05
7.622300000000000000e+05
7.623240000000000000e+05
7.623450000000000000e+05
7.623770000000000000e+05
7.624400000000000000e+05
7.624800000000000000e+05
7.625090000000000000e+05
7.625950000000000000e+05
7.626140000000000000e+05
7.626780000000000000e+05
7.627240000000000000e+05
7.628690000000000000e+05
7.629010000000000000e+05
7.629310000000000000e+05
7.629770000000000000e+05
7.630550000000000000e+05
7.631200000000000000e+05
7.632430000000000000e+05
7.633260000000000000e+05
7.633610000000000000e+05
7.633760000000000000e+05
7.633980000000000000e+05
7.634180000000000000e+05
7.634550000000000000e+05
7.635450000000000000e+05
7.635830000000000000e+05
7.636150000000000000e+05
7.636930000000000000e+05
7.637490000000000000e+05
7.637600000000000000e+05
7.638450000000000000e+05
7.639120000000000000e+05
7.640000000000000000e+05
7.642010000000000000e+05
7.644070000000000000e+05
7.645310000000000000e+05
7.645600000000000000e+05
7.647140000000000000e+05
7.647730000000000000e+05
7.650260000000000000e+05
7.650600000000000000e+05
7.651140000000000000e+05
7.651770000000000000e+05
7.651970000000000000e+05
7.652170000000000000e+05
7.652510000000000000e+05
7.653490000000000000e+05
7.654580000000000000e+05
7.655240000000000000e+05
7.655360000000000000e+05
7.656050000000000000e+05
7.658780000000000000e+05
7.659300000000000000e+05
7.659460000000000000e+05
7.661670000000000000e+05
7.662300000000000000e+05
7.664390000000000000e+05
7.664870000000000000e+05
7.665030000000000000e+05
7.665410000000000000e+05
7.666400000000000000e+05
7.667070000000000000e+05
7.667970000000000000e+05
7.670650000000000000e+05
7.671480000000000000e+05
7.673120000000000000e+05
7.673300000000000000e+05
7.673620000000000000e+05
7.675030000000000000e+05
7.675150000000000000e+05
7.675700000000000000e+05
7.676140000000000000e+05
7.676550000000000000e+05
7.678140000000000000e+05
7.678420000000000000e+05
7.678800000000000000e+05
7.679080000000000000e+05
7.680460000000000000e+05
7.681310000000000000e+05
7.681400000000000000e+05
7.681600000000000000e+05
7.681730000000000000e+05
7.682740000000000000e+05
7.683340000000000000e+05
7.683570000000000000e+05
7.684500000000000000e+05
7.684630000000000000e+05
7.684880000000000000e+05
7.686660000000000000e+05
7.687910000000000000e+05
7.688250000000000000e+05
7.688370000000000000e+05
7.688540000000000000e+05
7.688930000000000000e+05
7.689350000000000000e+05
7.689540000000000000e+05
7.689950000000000000e+05
7.690490000000000000e+05
7.691780000000000000e+05
7.692050000000000000e+05
7.692500000000000000e+05
7.694140000000000000e+05
7.694420000000000000e+05
7.694610000000000000e+05
7.696130000000000000e+05
7.696820000000000000e+05
7.696910000000000000e+05
7.697190000000000000e+05
7.697410000000000000e+05
7.697940000000000000e+05
7.698840000000000000e+05
7.700060000000000000e+05
7.700880000000000000e+05
7.701170000000000000e+05
7.701530000000000000e+05
7.702150000000000000e+05
7.703090000000000000e+05
7.703930000000000000e+05
7.704350000000000000e+05
7.704620000000000000e+05
7.705090000000000000e+05
7.705420000000000000e+05
7.706570000000000000e+05
7.708390000000000000e+05
7.708990000000000000e+05
7.709350000000000000e+05
7.709570000000000000e+05
7.710290000000000000e+05
7.710600000000000000e+05
7.711400000000000000e+05
7.711610000000000000e+05
7.712010000000000000e+05
7.712330000000000000e+05
7.712600000000000000e+05
7.713330000000000000e+05
7.713680000000000000e+05
7.714320000000000000e+05
7.715980000000000000e+05
7.716500000000000000e+05
7.717810000000000000e+05
7.720420000000000000e+05
7.721650000000000000e+05
7.722620000000000000e+05
7.723010000000000000e+05
7.723400000000000000e+05
7.724300000000000000e+05
7.724480000000000000e+05
7.725220000000000000e+05
7.725360000000000000e+05
7.726660000000000000e+05
7.727060000000000000e+05
7.728250000000000000e+05
7.729380000000000000e+05
7.730590000000000000e+05
7.731260000000000000e+05
7.732950000000000000e+05
7.733940000000000000e+05
7.734400000000000000e+05
7.734670000000000000e+05
7.735110000000000000e+05
7.735470000000000000e+05
7.736310000000000000e+05
7.736970000000000000e+05
7.737470000000000000e+05
7.737680000000000000e+05
7.737980000000000000e+05
7.738230000000000000e+05
7.738530000000000000e+05
7.738830000000000000e+05
7.739270000000000000e+05
7.741560000000000000e+05
7.743500000000000000e+05
7.744150000000000000e+05
7.745560000000000000e+05
7.747820000000000000e+05
7.748370000000000000e+05
7.751320000000000000e+05
7.752120000000000000e+05
7.752370000000000000e+05
7.752620000000000000e+05
7.752980000000000000e+05
7.753250000000000000e+05
7.754200000000000000e+05
7.754640000000000000e+05
7.756070000000000000e+05
7.757600000000000000e+05
7.760580000000000000e+05
7.760710000000000000e+05
7.761600000000000000e+05
7.762170000000000000e+05
7.763030000000000000e+05
7.763250000000000000e+05
7.763650000000000000e+05
7.763970000000000000e+05
7.764270000000000000e+05
7.765000000000000000e+05
7.765170000000000000e+05
7.765380000000000000e+05
7.766700000000000000e+05
7.767320000000000000e+05
7.767520000000000000e+05
7.769140000000000000e+05
7.769320000000000000e+05
7.769480000000000000e+05
7.770110000000000000e+05
7.770830000000000000e+05
7.771300000000000000e+05
7.771550000000000000e+05
7.771810000000000000e+05
7.771860000000000000e+05
7.772320000000000000e+05
7.772770000000000000e+05
7.773220000000000000e+05
7.773580000000000000e+05
7.774600000000000000e+05
7.775050000000000000e+05
7.776330000000000000e+05
7.776780000000000000e+05
7.777840000000000000e+05
7.778930000000000000e+05
7.779290000000000000e+05
7.779870000000000000e+05
7.780070000000000000e+05
7.781090000000000000e+05
7.781990000000000000e+05
7.782790000000000000e+05
7.783140000000000000e+05
7.783640000000000000e+05
7.783830000000000000e+05
7.784200000000000000e+05
7.784600000000000000e+05
7.785410000000000000e+05
7.786250000000000000e+05
7.786790000000000000e+05
7.786970000000000000e+05
7.787130000000000000e+05
7.788730000000000000e+05
7.789110000000000000e+05
7.789770000000000000e+05
7.791130000000000000e+05
7.792460000000000000e+05
7.793670000000000000e+05
7.793830000000000000e+05
7.794060000000000000e+05
7.794280000000000000e+05
7.794520000000000000e+05
7.795890000000000000e+05
7.796370000000000000e+05
7.796790000000000000e+05
7.797190000000000000e+05
7.798220000000000000e+05
7.798690000000000000e+05
7.798930000000000000e+05
7.800040000000000000e+05
7.800790000000000000e+05
7.801440000000000000e+05
7.801750000000000000e+05
7.803310000000000000e+05
7.804400000000000000e+05
7.805770000000000000e+05
7.806360000000000000e+05
7.807050000000000000e+05
7.807490000000000000e+05
7.807810000000000000e+05
7.808380000000000000e+05
7.809540000000000000e+05
7.812780000000000000e+05
7.814630000000000000e+05
7.815460000000000000e+05
7.816380000000000000e+05
7.816970000000000000e+05
7.817180000000000000e+05
7.817430000000000000e+05
7.818260000000000000e+05
7.820090000000000000e+05
7.821550000000000000e+05
7.822350000000000000e+05
7.823870000000000000e+05
7.824660000000000000e+05
7.824970000000000000e+05
7.825140000000000000e+05
7.825410000000000000e+05
7.825530000000000000e+05
7.825970000000000000e+05
7.827400000000000000e+05
7.828410000000000000e+05
7.830340000000000000e+05
7.832310000000000000e+05
7.832450000000000000e+05
7.832540000000000000e+05
7.833570000000000000e+05
7.833830000000000000e+05
7.834080000000000000e+05
7.834620000000000000e+05
7.835390000000000000e+05
7.838690000000000000e+05
7.838870000000000000e+05
7.839430000000000000e+05
7.839650000000000000e+05
7.839920000000000000e+05
7.840610000000000000e+05
7.842110000000000000e+05
7.843700000000000000e+05
7.843780000000000000e+05
7.844240000000000000e+05
7.844440000000000000e+05
7.845200000000000000e+05
7.845480000000000000e+05
7.846230000000000000e+05
7.847440000000000000e+05
7.847960000000000000e+05
7.849960000000000000e+05
7.850270000000000000e+05
7.850860000000000000e+05
7.851870000000000000e+05
7.853550000000000000e+05
7.854000000000000000e+05
7.855370000000000000e+05
7.855880000000000000e+05
7.857360000000000000e+05
7.857620000000000000e+05
7.858500000000000000e+05
7.859010000000000000e+05
7.861020000000000000e+05
7.862240000000000000e+05
7.863200000000000000e+05
7.864070000000000000e+05
7.864220000000000000e+05
7.864620000000000000e+05
7.865140000000000000e+05
7.865320000000000000e+05
7.865460000000000000e+05
7.865650000000000000e+05
7.867600000000000000e+05
7.868510000000000000e+05
7.868960000000000000e+05
7.869340000000000000e+05
7.870850000000000000e+05
7.871080000000000000e+05
7.873440000000000000e+05
7.875390000000000000e+05
7.876530000000000000e+05
7.877270000000000000e+05
7.879840000000000000e+05
7.880170000000000000e+05
7.881180000000000000e+05
7.882570000000000000e+05
7.883100000000000000e+05
7.883480000000000000e+05
7.884570000000000000e+05
7.887410000000000000e+05
7.887790000000000000e+05
7.888860000000000000e+05
7.889440000000000000e+05
7.893150000000000000e+05
7.897390000000000000e+05
7.897560000000000000e+05
7.897940000000000000e+05
7.898700000000000000e+05
7.899100000000000000e+05
7.900740000000000000e+05
7.900880000000000000e+05
7.902380000000000000e+05
7.903240000000000000e+05
7.906310000000000000e+05
7.906930000000000000e+05
7.907180000000000000e+05
7.907340000000000000e+05
7.908950000000000000e+05
7.910320000000000000e+05
7.911670000000000000e+05
7.917960000000000000e+05
7.918720000000000000e+05
7.919520000000000000e+05
7.921740000000000000e+05
7.921940000000000000e+05
7.924470000000000000e+05
7.924810000000000000e+05
7.925670000000000000e+05
7.925840000000000000e+05
7.926070000000000000e+05
7.929960000000000000e+05
7.931960000000000000e+05
7.932450000000000000e+05
7.932640000000000000e+05
7.934750000000000000e+05
7.935320000000000000e+05
7.936730000000000000e+05
7.939920000000000000e+05
7.940220000000000000e+05
7.941490000000000000e+05
7.942090000000000000e+05
7.942210000000000000e+05
7.944440000000000000e+05
7.945800000000000000e+05
7.946010000000000000e+05
7.952170000000000000e+05
7.953120000000000000e+05
7.956340000000000000e+05
7.957510000000000000e+05
7.962900000000000000e+05
7.965870000000000000e+05
7.970790000000000000e+05
7.972760000000000000e+05
7.974260000000000000e+05
7.974480000000000000e+05
7.978080000000000000e+05
7.979350000000000000e+05
7.982810000000000000e+05
7.983460000000000000e+05
7.984890000000000000e+05
7.988090000000000000e+05
8.001010000000000000e+05
8.002600000000000000e+05
8.003560000000000000e+05
8.003670000000000000e+05
8.004090000000000000e+05
8.004230000000000000e+05
8.005240000000000000e+05
8.016590000000000000e+05
8.016830000000000000e+05
8.019290000000000000e+05
8.020780000000000000e+05
8.020870000000000000e+05
8.021370000000000000e+05
8.021450000000000000e+05
8.027260000000000000e+05
8.027410000000000000e+05
8.031010000000000000e+05
8.032930000000000000e+05
8.036700000000000000e+05
8.044880000000000000e+05
8.045150000000000000e+05
8.045600000000000000e+05
8.046710000000000000e+05
8.052920000000000000e+05
8.054510000000000000e+05
8.056920000000000000e+05
8.057120000000000000e+05
8.057640000000000000e+05
8.059660000000000000e+05
8.062550000000000000e+05
8.064450000000000000e+05
8.064960000000000000e+05
8.067140000000000000e+05
8.068590000000000000e+05
8.068820000000000000e+05
8.069500000000000000e+05
8.071850000000000000e+05
8.080130000000000000e+05
8.086490000000000000e+05
8.086500000000000000e+05
8.095750000000000000e+05
8.096380000000000000e+05
8.096560000000000000e+05
8.097450000000000000e+05
8.098620000000000000e+05
8.100340000000000000e+05
8.100650000000000000e+05
8.102170000000000000e+05
8.103030000000000000e+05
8.110180000000000000e+05
8.110840000000000000e+05
8.114180000000000000e+05
8.116040000000000000e+05
8.119520000000000000e+05
8.121180000000000000e+05
8.121750000000000000e+05
8.122990000000000000e+05
8.125140000000000000e+05
8.125580000000000000e+05
8.129890000000000000e+05
8.131370000000000000e+05
8.136170000000000000e+05
8.136690000000000000e+05
8.140110000000000000e+05
8.141350000000000000e+05
8.141560000000000000e+05
8.147570000000000000e+05
8.165230000000000000e+05
8.171600000000000000e+05
8.181440000000000000e+05
8.181820000000000000e+05
8.185410000000000000e+05
8.194340000000000000e+05
8.194670000000000000e+05
8.199820000000000000e+05
8.201350000000000000e+05
8.205190000000000000e+05
8.206360000000000000e+05
8.217230000000000000e+05
8.217440000000000000e+05
8.231730000000000000e+05
8.235200000000000000e+05
8.242930000000000000e+05
8.243090000000000000e+05
8.251210000000000000e+05
8.281040000000000000e+05
8.282100000000000000e+05
8.297970000000000000e+05
8.313320000000000000e+05
8.355530000000000000e+05
8.376000000000000000e+05
8.380270000000000000e+05
8.380850000000000000e+05
8.399630000000000000e+05
8.449110000000000000e+05
8.451870000000000000e+05
8.472270000000000000e+05
8.513510000000000000e+05
8.625510000000000000e+05
8.675740000000000000e+05
