3.000000000000000000e+00 6.341210000000000235e+00 1.716399999999999926e+00 1.645757000000000000e+06
4.000000000000000000e+00 6.088569999999999816e+00 1.382100000000000106e+00 1.582653000000000000e+06
5.000000000000000000e+00 4.884039999999999715e+00 4.902199999999999669e+00 1.280266000000000000e+06
6.000000000000000000e+00 6.446170000000000400e+00 1.064799999999999969e+00 1.663963000000000000e+06
7.000000000000000000e+00 4.143440000000000012e+00 2.687399999999999789e+00 1.072001000000000000e+06
8.000000000000000000e+00 2.528329999999999966e+00 3.253400000000000070e+00 6.240450000000000000e+05
9.000000000000000000e+00 4.392249999999999766e+00 3.704099999999999948e+00 1.139915000000000000e+06
1.000000000000000000e+01 4.144449999999999967e+00 4.345500000000000362e+00 1.064902000000000000e+06
1.100000000000000000e+01 2.539410000000000167e+00 5.901500000000000412e+00 6.439400000000000000e+05
1.200000000000000000e+01 2.489370000000000083e+00 5.234399999999999942e+00 6.493840000000000000e+05
1.300000000000000000e+01 1.434909999999999908e+00 9.497999999999999776e-01 3.669780000000000000e+05
1.400000000000000000e+01 1.871899999999999897e+00 1.581599999999999895e+00 4.840760000000000000e+05
1.500000000000000000e+01 2.259119999999999795e+00 9.009000000000000341e-01 5.803500000000000000e+05
1.600000000000000000e+01 2.334130000000000038e+00 1.257400000000000073e+00 6.099140000000000000e+05
1.800000000000000000e+01 1.448309999999999986e+00 6.062899999999999956e+00 3.780320000000000000e+05
2.000000000000000000e+01 1.241079999999999961e+00 2.682599999999999874e+00 3.184320000000000000e+05
2.200000000000000000e+01 1.376949999999999896e+00 6.091999999999999638e-01 3.460060000000000000e+05
2.300000000000000000e+01 1.236040000000000028e+00 6.730000000000000426e-01 3.231850000000000000e+05
2.400000000000000000e+01 1.093210000000000015e+00 2.973700000000000010e+00 2.856390000000000000e+05
2.500000000000000000e+01 1.574670000000000014e+00 6.029999999999999805e-01 4.045680000000000000e+05
2.600000000000000000e+01 1.031570000000000098e+00 1.626100000000000101e+00 2.708250000000000000e+05
2.700000000000000000e+01 1.022869999999999946e+00 2.574500000000000011e+00 2.641760000000000000e+05
3.000000000000000000e+01 6.875339999999999785e-01 1.667699999999999960e+00 1.780140000000000000e+05
3.300000000000000000e+01 8.948399999999999688e-01 2.289800000000000058e+00 2.363120000000000000e+05
3.400000000000000000e+01 8.447630000000000416e-01 1.080999999999999961e+00 2.210220000000000000e+05
6.386700000000000000e+04 6.321850000000000414e+00 6.631400000000000183e+00 1.620493000000000000e+06
6.386800000000000000e+04 5.462780000000000413e+00 5.038199999999999790e+00 1.394656000000000000e+06
6.386900000000000000e+04 3.190799999999999859e+00 5.030000000000000249e+00 8.044770000000000000e+05
6.387000000000000000e+04 3.498450000000000060e+00 1.755400000000000071e+00 8.984430000000000000e+05
6.387100000000000000e+04 1.838659999999999961e+00 2.847999999999999865e+00 4.777600000000000000e+05
6.387200000000000000e+04 2.769740000000000091e+00 5.918199999999999683e+00 6.913350000000000000e+05
6.387300000000000000e+04 5.748120000000000118e+00 8.024999999999999911e-01 1.483578000000000000e+06
6.387400000000000000e+04 4.919889999999999652e+00 2.301499999999999879e+00 1.274623000000000000e+06
6.387500000000000000e+04 3.095380000000000020e+00 1.094400000000000039e+00 8.016230000000000000e+05
6.387600000000000000e+04 1.857229999999999936e+00 2.790500000000000203e+00 4.790450000000000000e+05
6.387700000000000000e+04 7.231520000000000170e-01 4.108600000000000030e+00 1.793770000000000000e+05
6.387800000000000000e+04 1.454380000000000006e+00 1.914600000000000080e+00 3.684460000000000000e+05
6.387900000000000000e+04 8.166879999999999695e-01 1.731400000000000050e+00 2.092470000000000000e+05
6.388300000000000000e+04 7.318519999999999470e-01 3.675499999999999989e+00 1.892010000000000000e+05
9.676300000000000000e+04 5.256649999999999601e+00 3.198799999999999866e+00 1.348333000000000000e+06
9.676400000000000000e+04 7.141289999999999694e+00 3.562399999999999789e+00 1.836217000000000000e+06
9.676500000000000000e+04 2.357979999999999965e+00 4.021499999999999631e+00 5.838070000000000000e+05
9.676600000000000000e+04 3.418989999999999974e+00 1.928900000000000059e+00 8.792040000000000000e+05
9.676700000000000000e+04 3.381709999999999994e+00 1.789700000000000069e+00 8.844650000000000000e+05
9.676800000000000000e+04 2.161929999999999907e+00 3.307999999999999829e+00 5.562070000000000000e+05
9.676900000000000000e+04 2.776110000000000078e+00 6.624999999999999778e-01 7.254950000000000000e+05
9.677000000000000000e+04 1.272359999999999935e+00 1.694299999999999917e+00 3.159030000000000000e+05
9.677300000000000000e+04 7.365310000000000468e-01 2.159899999999999931e+00 1.840630000000000000e+05
9.677500000000000000e+04 8.528949999999999587e-01 1.460900000000000087e+00 2.213370000000000000e+05
9.678200000000000000e+04 8.368590000000000195e-01 8.783999999999999586e-01 2.190260000000000000e+05
1.172530000000000000e+05 9.032140000000000057e+00 2.998000000000000220e+00 2.328034000000000000e+06
1.172540000000000000e+05 4.683819999999999872e+00 7.112099999999999866e+00 1.130999000000000000e+06
1.172550000000000000e+05 3.898880000000000123e+00 2.688699999999999868e+00 9.827640000000000000e+05
1.172560000000000000e+05 5.863599999999999923e+00 3.560000000000000053e+00 1.493109000000000000e+06
1.172570000000000000e+05 1.492839999999999945e+00 4.781600000000000072e+00 3.780850000000000000e+05
1.172580000000000000e+05 2.220029999999999948e+00 2.244499999999999940e+00 5.587750000000000000e+05
1.172590000000000000e+05 3.327420000000000044e+00 4.034500000000000419e+00 8.496970000000000000e+05
1.172600000000000000e+05 1.409680000000000044e+00 6.566900000000000404e+00 3.516400000000000000e+05
1.172610000000000000e+05 2.374610000000000110e+00 9.316999999999999726e-01 6.177750000000000000e+05
1.172620000000000000e+05 2.462439999999999962e+00 2.490400000000000169e+00 6.303150000000000000e+05
1.172630000000000000e+05 1.085239999999999982e+00 4.095600000000000129e+00 2.723680000000000000e+05
1.172640000000000000e+05 1.036440000000000028e+00 3.971000000000000085e+00 2.611910000000000000e+05
1.172650000000000000e+05 1.472429999999999906e+00 4.569600000000000328e+00 3.658140000000000000e+05
1.172660000000000000e+05 1.735119999999999996e+00 3.660400000000000098e+00 4.330930000000000000e+05
1.172670000000000000e+05 1.177110000000000101e+00 4.006300000000000416e+00 2.976510000000000000e+05
1.172680000000000000e+05 8.789479999999999515e-01 3.584400000000000031e+00 2.202940000000000000e+05
1.172700000000000000e+05 8.373850000000000460e-01 3.739900000000000002e+00 2.059810000000000000e+05
1.172710000000000000e+05 1.331590000000000051e+00 1.274799999999999933e+00 3.435090000000000000e+05
1.172720000000000000e+05 8.171140000000000070e-01 3.081700000000000106e+00 2.034110000000000000e+05
1.172730000000000000e+05 6.842859999999999498e-01 1.474099999999999966e+00 1.743710000000000000e+05
1.172750000000000000e+05 7.750089999999999479e-01 1.660700000000000065e+00 2.003640000000000000e+05
1.438870000000000000e+05 5.869279999999999831e+00 6.767400000000000304e+00 1.490410000000000000e+06
1.438880000000000000e+05 7.085309999999999775e+00 2.973300000000000054e+00 1.804417000000000000e+06
1.438890000000000000e+05 2.310249999999999915e+00 2.905199999999999783e+00 5.853940000000000000e+05
1.438900000000000000e+05 9.068549999999999667e-01 2.494299999999999962e+00 2.255840000000000000e+05
1.438910000000000000e+05 1.270489999999999897e+00 1.335399999999999920e+00 3.150540000000000000e+05
1.438920000000000000e+05 1.349429999999999907e+00 2.485899999999999999e+00 3.423760000000000000e+05
1.673950000000000000e+05 9.393539999999999779e+00 4.844299999999999606e+00 2.381260000000000000e+06
1.673960000000000000e+05 2.423220000000000152e+00 3.410000000000000142e+00 5.959840000000000000e+05
1.673970000000000000e+05 2.047839999999999883e+00 3.979800000000000004e+00 5.119640000000000000e+05
1.673980000000000000e+05 1.578999999999999959e+00 9.797000000000000153e-01 4.086480000000000000e+05
1.673990000000000000e+05 2.209420000000000162e+00 2.681700000000000195e+00 5.581410000000000000e+05
1.674000000000000000e+05 7.075519999999999587e-01 5.802599999999999980e+00 1.787390000000000000e+05
1.674050000000000000e+05 7.534939999999999971e-01 3.625700000000000145e+00 1.919610000000000000e+05
1.849330000000000000e+05 2.175170000000000048e+00 4.491500000000000270e+00 5.342770000000000000e+05
1.849340000000000000e+05 7.049229999999999663e+00 2.591099999999999959e+00 1.801184000000000000e+06
1.849350000000000000e+05 5.568620000000000125e+00 1.373599999999999932e+00 1.416133000000000000e+06
1.849360000000000000e+05 2.575849999999999973e+00 6.046499999999999986e+00 6.478360000000000000e+05
1.849370000000000000e+05 4.113690000000000069e+00 1.487100000000000088e+00 1.070271000000000000e+06
1.849390000000000000e+05 1.390789999999999971e+00 8.546000000000000263e-01 3.487800000000000000e+05
1.849400000000000000e+05 1.948010000000000019e+00 2.419599999999999973e+00 4.898680000000000000e+05
1.849420000000000000e+05 1.008930000000000105e+00 2.533300000000000107e+00 2.580570000000000000e+05
1.849440000000000000e+05 1.159769999999999968e+00 1.695899999999999963e+00 3.006070000000000000e+05
1.981830000000000000e+05 1.336680000000000090e+00 9.861999999999999655e-01 3.388490000000000000e+05
1.981840000000000000e+05 8.342380000000000351e-01 3.061500000000000110e+00 2.079530000000000000e+05
1.981850000000000000e+05 1.763439999999999896e+00 3.740099999999999980e+00 4.492040000000000000e+05
1.981860000000000000e+05 1.104279999999999928e+00 1.786599999999999966e+00 2.883650000000000000e+05
2.088120000000000000e+05 4.831059999999999910e+00 6.147199999999999775e+00 1.215340000000000000e+06
2.088130000000000000e+05 1.633210000000000051e+00 5.132900000000000240e+00 4.155690000000000000e+05
2.088140000000000000e+05 7.352589999999999959e-01 2.403399999999999981e+00 1.803390000000000000e+05
2.205970000000000000e+05 4.444410000000000416e+00 5.445800000000000196e+00 1.112457000000000000e+06
2.205980000000000000e+05 1.303080000000000016e+00 6.360199999999999854e+00 3.177980000000000000e+05
2.205990000000000000e+05 1.142030000000000101e+00 2.673099999999999810e+00 2.859040000000000000e+05
2.206000000000000000e+05 1.010049999999999892e+00 2.661000000000000032e+00 2.574830000000000000e+05
2.206010000000000000e+05 1.344389999999999974e+00 2.826700000000000212e+00 3.350610000000000000e+05
2.206030000000000000e+05 6.842369999999999841e-01 1.743100000000000094e+00 1.761090000000000000e+05
2.299340000000000000e+05 4.600389999999999979e+00 9.409999999999999476e-01 1.186486000000000000e+06
2.299350000000000000e+05 4.715489999999999959e+00 3.876500000000000057e+00 1.174678000000000000e+06
2.299360000000000000e+05 3.241899999999999782e+00 2.408999999999999808e+00 8.047200000000000000e+05
2.299370000000000000e+05 1.820519999999999916e+00 1.080799999999999983e+00 4.661050000000000000e+05
2.427910000000000000e+05 3.211149999999999949e+00 3.906200000000000117e+00 8.050140000000000000e+05
2.427920000000000000e+05 2.332749999999999879e+00 1.620600000000000041e+00 5.987540000000000000e+05
2.427930000000000000e+05 2.151199999999999779e+00 3.926600000000000090e+00 5.339650000000000000e+05
2.427940000000000000e+05 1.183950000000000058e+00 3.513500000000000068e+00 2.995380000000000000e+05
2.538620000000000000e+05 6.242759999999999643e+00 6.206299999999999706e+00 1.546566000000000000e+06
2.538630000000000000e+05 9.739259999999999806e+00 1.185400000000000009e+00 2.463982000000000000e+06
2.538640000000000000e+05 1.701440000000000063e+00 8.532500000000000639e+00 4.239840000000000000e+05
2.538650000000000000e+05 2.194920000000000204e+00 1.536399999999999988e+00 5.651850000000000000e+05
2.648840000000000000e+05 8.250389999999999446e+00 7.151099999999999568e+00 2.095403000000000000e+06
2.648850000000000000e+05 8.852600000000000691e+00 2.393299999999999983e+00 2.252098000000000000e+06
2.648860000000000000e+05 5.867259999999999920e+00 3.916500000000000092e+00 1.483132000000000000e+06
2.648870000000000000e+05 4.349940000000000140e+00 3.943200000000000038e+00 1.085743000000000000e+06
2.648880000000000000e+05 9.337389999999999857e-01 4.756999999999999673e+00 2.337630000000000000e+05
2.648890000000000000e+05 1.910469999999999891e+00 1.785900000000000043e+00 4.790740000000000000e+05
2.648900000000000000e+05 9.383740000000000414e-01 4.454699999999999882e+00 2.297000000000000000e+05
2.648910000000000000e+05 8.941329999999999556e-01 2.293099999999999916e+00 2.283460000000000000e+05
2.755460000000000000e+05 3.495680000000000121e+00 1.390200000000000102e+00 9.000160000000000000e+05
2.755470000000000000e+05 1.744010000000000060e+00 3.465399999999999814e+00 4.405260000000000000e+05
2.755480000000000000e+05 1.430449999999999999e+00 4.378800000000000026e+00 3.639580000000000000e+05
2.755490000000000000e+05 1.095990000000000020e+00 5.798399999999999999e+00 2.796020000000000000e+05
2.755500000000000000e+05 1.900309999999999944e+00 1.301700000000000079e+00 4.923810000000000000e+05
2.755510000000000000e+05 1.060419999999999918e+00 1.833099999999999952e+00 2.767050000000000000e+05
2.827800000000000000e+05 2.629230000000000178e+00 8.937000000000000499e-01 6.737280000000000000e+05
2.827810000000000000e+05 7.207080000000000153e-01 9.438999999999999613e-01 1.852200000000000000e+05
2.893860000000000000e+05 1.110460000000000003e+00 3.670100000000000140e+00 2.779450000000000000e+05
2.948670000000000000e+05 2.279209999999999958e+00 2.638700000000000045e+00 5.815370000000000000e+05
2.948680000000000000e+05 3.504410000000000025e+00 4.179100000000000037e+00 8.812180000000000000e+05
2.948690000000000000e+05 1.607820000000000027e+00 5.811799999999999855e+00 3.959500000000000000e+05
3.009040000000000000e+05 8.982089999999999463e+00 4.376599999999999824e+00 2.265535000000000000e+06
3.009050000000000000e+05 3.276959999999999873e+00 4.071699999999999875e+00 8.076970000000000000e+05
3.074870000000000000e+05 8.114200000000000301e+00 3.940999999999999837e+00 2.064282000000000000e+06
3.074880000000000000e+05 1.559439999999999937e+00 3.124099999999999877e+00 3.882080000000000000e+05
3.136930000000000000e+05 2.411599999999999966e+00 2.831300000000000150e+00 6.091130000000000000e+05
3.136940000000000000e+05 2.863410000000000011e+00 2.395099999999999785e+00 7.246760000000000000e+05
3.136950000000000000e+05 1.131210000000000049e+00 3.817800000000000082e+00 2.854470000000000000e+05
3.197310000000000000e+05 4.981399999999999828e+00 4.812299999999999578e+00 1.249769000000000000e+06
3.241250000000000000e+05 1.939310000000000089e+00 1.177899999999999947e+00 5.025170000000000000e+05
3.295090000000000000e+05 1.422679999999999945e+00 2.742900000000000116e+00 3.621510000000000000e+05
3.334250000000000000e+05 5.508300000000000196e+00 5.702799999999999869e+00 1.363737000000000000e+06
3.334260000000000000e+05 1.028520000000000101e+00 6.276099999999999568e+00 2.555260000000000000e+05
3.334270000000000000e+05 1.139750000000000041e+00 3.592600000000000016e+00 2.834160000000000000e+05
3.384470000000000000e+05 4.861110000000000042e+00 7.668000000000000371e-01 1.257582000000000000e+06
3.424470000000000000e+05 6.409150000000000347e+00 6.287700000000000067e+00 1.543985000000000000e+06
3.424480000000000000e+05 6.286780000000000257e+00 6.246900000000000119e+00 1.583519000000000000e+06
3.424490000000000000e+05 1.239300000000000068e+00 3.519299999999999873e+00 3.046270000000000000e+05
3.458730000000000000e+05 1.940660000000000052e+00 1.191999999999999948e+00 5.027100000000000000e+05
3.489020000000000000e+05 9.557309999999999972e-01 4.210399999999999920e+00 2.287570000000000000e+05
3.489030000000000000e+05 2.099270000000000191e+00 4.502200000000000202e+00 5.277510000000000000e+05
3.557250000000000000e+05 3.249969999999999803e+00 1.081800000000000095e+00 8.349890000000000000e+05
3.629950000000000000e+05 3.351150000000000073e+00 3.133000000000000007e+00 8.281920000000000000e+05
3.688440000000000000e+05 1.154740000000000100e+00 4.070000000000000284e+00 2.888350000000000000e+05
3.711270000000000000e+05 5.597830000000000084e+00 6.467600000000000016e+00 1.418909000000000000e+06
3.711280000000000000e+05 1.191689999999999916e+00 1.799099999999999921e+00 3.014430000000000000e+05
3.727550000000000000e+05 4.694399999999999906e+00 6.277999999999999581e+00 1.145170000000000000e+06
3.750740000000000000e+05 8.457829999999999515e-01 3.579400000000000137e+00 2.089020000000000000e+05
3.750750000000000000e+05 8.834279999999999911e-01 1.249900000000000011e+00 2.257080000000000000e+05
3.776560000000000000e+05 5.670279999999999987e+00 2.379300000000000193e+00 1.456188000000000000e+06
3.776570000000000000e+05 1.650930000000000009e+00 1.980499999999999927e+00 4.145340000000000000e+05
3.776580000000000000e+05 1.527989999999999959e+00 1.488199999999999967e+00 3.825950000000000000e+05
3.798040000000000000e+05 1.252369999999999983e+00 6.796400000000000219e+00 3.122620000000000000e+05
3.798050000000000000e+05 1.651880000000000015e+00 1.843699999999999894e+00 4.161840000000000000e+05
3.822160000000000000e+05 1.137459999999999916e+00 7.448900000000000077e+00 2.812880000000000000e+05
3.839760000000000000e+05 4.706909999999999705e+00 3.872799999999999798e+00 1.176561000000000000e+06
3.862700000000000000e+05 4.538389999999999702e+00 6.078000000000000291e+00 1.161698000000000000e+06
3.862710000000000000e+05 1.030089999999999950e+00 6.216499999999999915e+00 2.523480000000000000e+05
3.885450000000000000e+05 1.279509999999999925e+00 9.634000000000000341e-01 3.250360000000000000e+05
3.885460000000000000e+05 9.506599999999999495e-01 3.899099999999999788e+00 2.410520000000000000e+05
3.909330000000000000e+05 1.269870000000000054e+00 1.182800000000000074e+00 3.275790000000000000e+05
3.922770000000000000e+05 3.488490000000000091e+00 3.124800000000000022e+00 8.883720000000000000e+05
3.922780000000000000e+05 2.279129999999999878e+00 6.784500000000000419e+00 5.562960000000000000e+05
3.946220000000000000e+05 5.036850000000000271e+00 4.839100000000000179e+00 1.247855000000000000e+06
3.946230000000000000e+05 1.830419999999999936e+00 8.810000000000000053e-01 4.751440000000000000e+05
3.966290000000000000e+05 1.581650000000000000e+00 3.013300000000000090e+00 3.917060000000000000e+05
4.009740000000000000e+05 2.633789999999999853e+00 4.618900000000000006e+00 6.641050000000000000e+05
4.025560000000000000e+05 2.094079999999999941e+00 5.573699999999999655e+00 5.183560000000000000e+05
4.025570000000000000e+05 1.539989999999999970e+00 2.567600000000000104e+00 3.765790000000000000e+05
4.048180000000000000e+05 2.909409999999999830e+00 1.305500000000000105e+00 7.454810000000000000e+05
4.069420000000000000e+05 7.449860000000000149e+00 8.967299999999999827e+00 1.891364000000000000e+06
4.085350000000000000e+05 2.488999999999999879e+00 2.670900000000000052e+00 6.203130000000000000e+05
4.133730000000000000e+05 4.983310000000000350e+00 3.783900000000000041e+00 1.274108000000000000e+06
4.149180000000000000e+05 2.181659999999999933e+00 1.245100000000000096e+00 5.578250000000000000e+05
4.149190000000000000e+05 7.362400000000000055e-01 6.746299999999999741e+00 1.828870000000000000e+05
4.183360000000000000e+05 1.037770000000000081e+00 2.616999999999999993e+00 2.608260000000000000e+05
4.242890000000000000e+05 1.279539999999999900e+00 7.495099999999999874e+00 3.204990000000000000e+05
4.281780000000000000e+05 1.309109999999999996e+00 2.192699999999999871e+00 3.249310000000000000e+05
4.281790000000000000e+05 1.904239999999999933e+00 5.059999999999999609e+00 4.752620000000000000e+05
4.294720000000000000e+05 1.160619999999999985e+00 3.590700000000000003e+00 2.875830000000000000e+05
4.308650000000000000e+05 9.459389999999999743e-01 6.805600000000000094e+00 2.300660000000000000e+05
4.321070000000000000e+05 6.852219999999999978e-01 3.856199999999999850e+00 1.719090000000000000e+05
4.343570000000000000e+05 6.860969999999999569e-01 9.736000000000000210e-01 1.720090000000000000e+05
4.404070000000000000e+05 6.195050000000000168e+00 4.135399999999999743e+00 1.574788000000000000e+06
4.404080000000000000e+05 2.038940000000000197e+00 6.060800000000000409e+00 4.983390000000000000e+05
4.430500000000000000e+05 1.203850000000000087e+00 4.966099999999999959e+00 3.041180000000000000e+05
4.441350000000000000e+05 3.521250000000000213e+00 3.080200000000000049e+00 8.963030000000000000e+05
4.466660000000000000e+05 8.707000000000000295e-01 3.002800000000000136e+00 2.178540000000000000e+05
4.466670000000000000e+05 7.417970000000000397e-01 3.625199999999999978e+00 1.835500000000000000e+05
4.496580000000000000e+05 4.904779999999999696e+00 4.397700000000000387e+00 1.236902000000000000e+06
4.496590000000000000e+05 3.823109999999999786e+00 3.694199999999999928e+00 9.474340000000000000e+05
4.509170000000000000e+05 1.913510000000000044e+00 4.202700000000000102e+00 4.762480000000000000e+05
4.541710000000000000e+05 5.128569999999999851e+00 3.552700000000000191e+00 1.310532000000000000e+06
4.541720000000000000e+05 3.736120000000000108e+00 1.968199999999999950e+00 9.584500000000000000e+05
4.552910000000000000e+05 4.810870000000000424e+00 8.516999999999999460e+00 1.179586000000000000e+06
4.552920000000000000e+05 3.600459999999999994e+00 6.192300000000000360e+00 8.825520000000000000e+05
4.563270000000000000e+05 1.875250000000000083e+00 3.875000000000000000e+00 4.605820000000000000e+05
4.574320000000000000e+05 2.412999999999999812e+00 5.154300000000000104e+00 5.978270000000000000e+05
4.595570000000000000e+05 3.046510000000000051e+00 2.359100000000000197e+00 7.749230000000000000e+05
4.595580000000000000e+05 3.143990000000000062e+00 8.116999999999999771e-01 8.150610000000000000e+05
4.595590000000000000e+05 2.076919999999999877e+00 5.381099999999999994e+00 5.119610000000000000e+05
4.607220000000000000e+05 1.817290000000000072e+00 6.111200000000000188e+00 4.414820000000000000e+05
4.607230000000000000e+05 1.078910000000000036e+00 2.038100000000000023e+00 2.669880000000000000e+05
4.607240000000000000e+05 7.224869999999999903e-01 4.330499999999999794e+00 1.751190000000000000e+05
4.607250000000000000e+05 9.232489999999999863e-01 1.215300000000000047e+00 2.321570000000000000e+05
4.607260000000000000e+05 9.828660000000000174e-01 2.045999999999999819e+00 2.410020000000000000e+05
4.665500000000000000e+05 2.782669999999999977e+00 2.726100000000000190e+00 6.982590000000000000e+05
4.694870000000000000e+05 5.725069999999999659e+00 5.965399999999999814e+00 1.461154000000000000e+06
4.694880000000000000e+05 2.101370000000000182e+00 3.652400000000000091e+00 5.157650000000000000e+05
4.719960000000000000e+05 6.969570000000000043e+00 6.518699999999999939e+00 1.761511000000000000e+06
4.719970000000000000e+05 1.221240000000000103e+00 1.072799999999999976e+00 3.054430000000000000e+05
4.719980000000000000e+05 7.800730000000000164e-01 3.061399999999999899e+00 1.933980000000000000e+05
4.733290000000000000e+05 7.100489999999999746e+00 7.234099999999999753e+00 1.774046000000000000e+06
4.733300000000000000e+05 1.516450000000000076e+00 5.549400000000000333e+00 3.741940000000000000e+05
4.762660000000000000e+05 3.381359999999999921e+00 5.573400000000000354e+00 8.324250000000000000e+05
4.762670000000000000e+05 2.109579999999999789e+00 2.202900000000000080e+00 5.176280000000000000e+05
4.773280000000000000e+05 4.118140000000000356e+00 7.532199999999999562e+00 1.006626000000000000e+06
4.782160000000000000e+05 4.015390000000000015e+00 3.412700000000000067e+00 1.005272000000000000e+06
4.782170000000000000e+05 1.749549999999999939e+00 6.319300000000000139e+00 4.297400000000000000e+05
4.799380000000000000e+05 4.518959999999999866e+00 5.489399999999999835e+00 1.085808000000000000e+06
4.808020000000000000e+05 3.427029999999999799e+00 5.038599999999999746e+00 8.546800000000000000e+05
4.808030000000000000e+05 2.545679999999999943e+00 2.215399999999999814e+00 6.480560000000000000e+05
4.808040000000000000e+05 1.197599999999999998e+00 1.152500000000000080e+00 3.061120000000000000e+05
4.814290000000000000e+05 1.252879999999999994e+00 2.109900000000000109e+00 3.192320000000000000e+05
4.828890000000000000e+05 6.238830000000000098e+00 6.432999999999999829e+00 1.579503000000000000e+06
4.828900000000000000e+05 1.108260000000000023e+00 3.055099999999999927e+00 2.755400000000000000e+05
4.850560000000000000e+05 5.684940000000000104e+00 3.630300000000000082e+00 1.401940000000000000e+06
4.869170000000000000e+05 2.078770000000000007e+00 1.778200000000000003e+00 5.340590000000000000e+05
4.869180000000000000e+05 1.271579999999999933e+00 3.466200000000000170e+00 3.112390000000000000e+05
4.877420000000000000e+05 2.464679999999999982e+00 3.322999999999999954e+00 6.082520000000000000e+05
4.877430000000000000e+05 1.771050000000000013e+00 1.711699999999999999e+00 4.374550000000000000e+05
4.885300000000000000e+05 7.543269999999999698e+00 5.963000000000000078e+00 1.846868000000000000e+06
4.900790000000000000e+05 3.971550000000000136e+00 4.679700000000000415e+00 1.015442000000000000e+06
4.908140000000000000e+05 3.722449999999999815e+00 3.322200000000000042e+00 9.284500000000000000e+05
4.908150000000000000e+05 1.218679999999999986e+00 2.583299999999999930e+00 3.001760000000000000e+05
4.914260000000000000e+05 5.892529999999999824e+00 5.605000000000000426e+00 1.477040000000000000e+06
4.922440000000000000e+05 5.965799999999999770e+00 6.520500000000000185e+00 1.480139000000000000e+06
4.928760000000000000e+05 5.974610000000000198e+00 4.773100000000000342e+00 1.525309000000000000e+06
4.934330000000000000e+05 4.625860000000000305e+00 4.695999999999999730e+00 1.152257000000000000e+06
4.940110000000000000e+05 5.387749999999999595e+00 6.404899999999999594e+00 1.340000000000000000e+06
4.947090000000000000e+05 5.240990000000000038e+00 5.950800000000000090e+00 1.317404000000000000e+06
4.954510000000000000e+05 4.724499999999999922e+00 8.517000000000000126e-01 1.209275000000000000e+06
4.961860000000000000e+05 5.894759999999999778e+00 1.380800000000000027e+00 1.527646000000000000e+06
4.967880000000000000e+05 2.012570000000000192e+00 5.310800000000000409e+00 4.860410000000000000e+05
4.967890000000000000e+05 2.069139999999999979e+00 3.184099999999999930e+00 5.113910000000000000e+05
4.975570000000000000e+05 3.230140000000000011e+00 2.582699999999999996e+00 8.055170000000000000e+05
4.975580000000000000e+05 8.421490000000000364e-01 1.054300000000000015e+00 2.115940000000000000e+05
4.985220000000000000e+05 6.826959999999999695e+00 4.614600000000000257e+00 1.749528000000000000e+06
4.990210000000000000e+05 2.257060000000000066e+00 1.923300000000000010e+00 5.586470000000000000e+05
4.990220000000000000e+05 1.062720000000000109e+00 6.956900000000000084e+00 2.602100000000000000e+05
4.997040000000000000e+05 3.854750000000000121e+00 3.971299999999999830e+00 9.575270000000000000e+05
5.005760000000000000e+05 2.372590000000000199e+00 7.328899999999999970e+00 5.877580000000000000e+05
5.005770000000000000e+05 2.299360000000000070e+00 3.637300000000000200e+00 5.727490000000000000e+05
5.012080000000000000e+05 5.869209999999999816e+00 3.998299999999999965e+00 1.468861000000000000e+06
5.017250000000000000e+05 5.288240000000000052e+00 9.310299999999999798e+00 1.308907000000000000e+06
5.023710000000000000e+05 3.549770000000000092e+00 7.088099999999999845e+00 8.736890000000000000e+05
5.029950000000000000e+05 5.318060000000000009e+00 5.183399999999999785e+00 1.294111000000000000e+06
5.034370000000000000e+05 5.035669999999999646e+00 6.886499999999999844e+00 1.263409000000000000e+06
5.039870000000000000e+05 4.153310000000000279e+00 2.185200000000000031e+00 1.073719000000000000e+06
5.039880000000000000e+05 7.886079999999999757e-01 1.747800000000000020e+00 1.972830000000000000e+05
5.045590000000000000e+05 4.575149999999999828e+00 1.232399999999999940e+00 1.180903000000000000e+06
5.051000000000000000e+05 3.932220000000000049e+00 2.378699999999999815e+00 1.000287000000000000e+06
5.051010000000000000e+05 2.075919999999999987e+00 3.079600000000000115e+00 5.130230000000000000e+05
5.055860000000000000e+05 7.250969999999999693e+00 5.488900000000000112e+00 1.814782000000000000e+06
5.061510000000000000e+05 5.590970000000000439e+00 4.627399999999999736e+00 1.381249000000000000e+06
5.067200000000000000e+05 5.374200000000000088e+00 3.465899999999999981e+00 1.343320000000000000e+06
5.072920000000000000e+05 1.852470000000000061e+00 3.427400000000000002e+00 4.556620000000000000e+05
5.072930000000000000e+05 8.184890000000000221e-01 2.287399999999999878e+00 2.054740000000000000e+05
5.072940000000000000e+05 1.897820000000000062e+00 1.679200000000000026e+00 4.796250000000000000e+05
5.077840000000000000e+05 2.680019999999999847e+00 9.267999999999999572e-01 6.928820000000000000e+05
5.077850000000000000e+05 7.929749999999999854e-01 3.798399999999999999e+00 1.930530000000000000e+05
5.085380000000000000e+05 2.325759999999999827e+00 3.782700000000000173e+00 5.745960000000000000e+05
5.085390000000000000e+05 1.789369999999999905e+00 1.545099999999999918e+00 4.613870000000000000e+05
5.090910000000000000e+05 3.758849999999999802e+00 7.053600000000000314e+00 9.182370000000000000e+05
5.097090000000000000e+05 4.984770000000000145e+00 4.007600000000000051e+00 1.270682000000000000e+06
5.102730000000000000e+05 6.014700000000000379e+00 1.014830000000000076e+01 1.513271000000000000e+06
5.105850000000000000e+05 3.475699999999999790e+00 3.645199999999999996e+00 8.529870000000000000e+05
5.113030000000000000e+05 3.363579999999999792e+00 3.855100000000000193e+00 8.264580000000000000e+05
5.119200000000000000e+05 5.972339999999999982e+00 2.958400000000000141e+00 1.535934000000000000e+06
5.124250000000000000e+05 3.596740000000000048e+00 3.700200000000000156e+00 9.211850000000000000e+05
5.131050000000000000e+05 3.086840000000000028e+00 2.417199999999999793e+00 7.830760000000000000e+05
5.138450000000000000e+05 5.631160000000000387e+00 5.201100000000000279e+00 1.376114000000000000e+06
5.142720000000000000e+05 2.567180000000000017e+00 2.673999999999999932e+00 6.484480000000000000e+05
5.142730000000000000e+05 1.088999999999999968e+00 8.579999999999999849e-01 2.752890000000000000e+05
5.148290000000000000e+05 5.287740000000000329e+00 5.411999999999999922e+00 1.317397000000000000e+06
5.152960000000000000e+05 4.796170000000000044e+00 2.541100000000000136e+00 1.229760000000000000e+06
5.156950000000000000e+05 6.995359999999999800e+00 7.893299999999999983e+00 1.762304000000000000e+06
5.161010000000000000e+05 3.305009999999999781e+00 2.204800000000000093e+00 8.509910000000000000e+05
5.167600000000000000e+05 4.536260000000000403e+00 9.182000000000000162e-01 1.164707000000000000e+06
5.172710000000000000e+05 4.305130000000000123e+00 5.050099999999999589e+00 1.090865000000000000e+06
5.178990000000000000e+05 7.344100000000000072e+00 2.525799999999999823e+00 1.870268000000000000e+06
5.181200000000000000e+05 1.407559999999999922e+00 1.966800000000000104e+00 3.487640000000000000e+05
5.181210000000000000e+05 6.889199999999999768e-01 1.718900000000000095e+00 1.742900000000000000e+05
5.181220000000000000e+05 1.285509999999999931e+00 3.072099999999999831e+00 3.155770000000000000e+05
5.186820000000000000e+05 3.631920000000000037e+00 6.907899999999999707e+00 9.074330000000000000e+05
5.193110000000000000e+05 6.255740000000000300e+00 6.106399999999999828e+00 1.558387000000000000e+06
5.197200000000000000e+05 1.307909999999999906e+00 4.095299999999999940e+00 3.235670000000000000e+05
5.197210000000000000e+05 1.238380000000000036e+00 4.141200000000000436e+00 3.078020000000000000e+05
5.203100000000000000e+05 1.779940000000000078e+00 2.826999999999999957e+00 4.504620000000000000e+05
5.203110000000000000e+05 7.101560000000000095e-01 3.654900000000000038e+00 1.743550000000000000e+05
5.208850000000000000e+05 3.619079999999999853e+00 3.872700000000000031e+00 9.098180000000000000e+05
5.214290000000000000e+05 3.216460000000000097e+00 4.649399999999999977e+00 7.848670000000000000e+05
5.218030000000000000e+05 2.957040000000000113e+00 3.322000000000000064e+00 7.263190000000000000e+05
5.225300000000000000e+05 4.681759999999999700e+00 4.187199999999999811e+00 1.185297000000000000e+06
5.229830000000000000e+05 4.210300000000000153e+00 6.292399999999999771e+00 1.038876000000000000e+06
5.235480000000000000e+05 5.052520000000000344e+00 4.712100000000000399e+00 1.287895000000000000e+06
5.238890000000000000e+05 3.689960000000000129e+00 3.434400000000000119e+00 9.158930000000000000e+05
5.245060000000000000e+05 3.092769999999999797e+00 1.051099999999999923e+00 8.004420000000000000e+05
5.245070000000000000e+05 7.219799999999999551e-01 6.306199999999999584e+00 1.763240000000000000e+05
5.250020000000000000e+05 2.940710000000000157e+00 2.993700000000000028e+00 7.004650000000000000e+05
5.255330000000000000e+05 2.695619999999999905e+00 3.880500000000000060e+00 6.631530000000000000e+05
5.260290000000000000e+05 2.355570000000000164e+00 4.436200000000000365e+00 5.754010000000000000e+05
5.264780000000000000e+05 3.172620000000000218e+00 5.339699999999999669e+00 7.901490000000000000e+05
5.268790000000000000e+05 2.045440000000000147e+00 1.276200000000000001e+00 5.211890000000000000e+05
5.268800000000000000e+05 8.260380000000000500e-01 3.740299999999999958e+00 2.027860000000000000e+05
5.273090000000000000e+05 2.380320000000000213e+00 6.498599999999999710e+00 5.934810000000000000e+05
5.273100000000000000e+05 1.442709999999999937e+00 4.665000000000000036e+00 3.591670000000000000e+05
5.278390000000000000e+05 2.249130000000000074e+00 3.949600000000000222e+00 5.546460000000000000e+05
5.283220000000000000e+05 2.926870000000000083e+00 2.401499999999999968e+00 7.227860000000000000e+05
5.288360000000000000e+05 3.130710000000000104e+00 8.146499999999999631e+00 7.752180000000000000e+05
5.288370000000000000e+05 7.880120000000000458e-01 3.964500000000000135e+00 1.984950000000000000e+05
5.293650000000000000e+05 4.443249999999999922e+00 2.551899999999999835e+00 1.129320000000000000e+06
5.298550000000000000e+05 1.638779999999999903e+00 1.860100000000000087e+00 4.058220000000000000e+05
5.298560000000000000e+05 8.482600000000000140e-01 2.619099999999999984e+00 2.093830000000000000e+05
5.303300000000000000e+05 4.133110000000000284e+00 3.454699999999999882e+00 1.053023000000000000e+06
5.308520000000000000e+05 3.627510000000000012e+00 4.118500000000000050e+00 9.065610000000000000e+05
5.313200000000000000e+05 2.680820000000000203e+00 1.569299999999999917e+00 6.774140000000000000e+05
5.319100000000000000e+05 3.666939999999999866e+00 2.841099999999999959e+00 8.954640000000000000e+05
5.323010000000000000e+05 3.526749999999999829e+00 2.907200000000000006e+00 8.693430000000000000e+05
5.327600000000000000e+05 4.272730000000000139e+00 7.365899999999999892e+00 1.061374000000000000e+06
5.330600000000000000e+05 1.961910000000000043e+00 4.252500000000000391e+00 4.823280000000000000e+05
5.335900000000000000e+05 1.563350000000000017e+00 5.548700000000000188e+00 3.921410000000000000e+05
5.335910000000000000e+05 1.567590000000000039e+00 8.062900000000000844e+00 3.899320000000000000e+05
5.339980000000000000e+05 8.740139999999999576e-01 7.456800000000000317e+00 2.154220000000000000e+05
5.339990000000000000e+05 1.072440000000000060e+00 5.029300000000000104e+00 2.704670000000000000e+05
5.346280000000000000e+05 4.086289999999999978e+00 3.588999999999999968e+00 1.032035000000000000e+06
5.350500000000000000e+05 2.899249999999999883e+00 4.689600000000000435e+00 7.097980000000000000e+05
5.354100000000000000e+05 4.310579999999999856e+00 4.290199999999999569e+00 1.090019000000000000e+06
5.357740000000000000e+05 3.483550000000000146e+00 3.556599999999999984e+00 8.606720000000000000e+05
5.361460000000000000e+05 2.280499999999999972e+00 3.961899999999999977e+00 5.573580000000000000e+05
5.366540000000000000e+05 2.599880000000000191e+00 1.737100000000000088e+00 6.657840000000000000e+05
5.372360000000000000e+05 4.102619999999999933e+00 8.144399999999999196e+00 1.017262000000000000e+06
5.374880000000000000e+05 2.977549999999999919e+00 2.610100000000000087e+00 7.312300000000000000e+05
5.379410000000000000e+05 3.544599999999999973e+00 6.391899999999999693e+00 8.717080000000000000e+05
5.383700000000000000e+05 2.297600000000000087e+00 5.658000000000000362e+00 5.563840000000000000e+05
5.389050000000000000e+05 3.572750000000000092e+00 3.772600000000000176e+00 8.936180000000000000e+05
5.393330000000000000e+05 3.790210000000000079e+00 3.009900000000000020e+00 9.349430000000000000e+05
5.396670000000000000e+05 2.376250000000000195e+00 4.154200000000000337e+00 5.974270000000000000e+05
5.400820000000000000e+05 3.505619999999999958e+00 2.777499999999999858e+00 8.957670000000000000e+05
5.404520000000000000e+05 2.801070000000000171e+00 7.443100000000000271e+00 6.879560000000000000e+05
5.409200000000000000e+05 3.323749999999999982e+00 1.927599999999999980e+00 8.595700000000000000e+05
5.412180000000000000e+05 3.235300000000000065e+00 2.237899999999999778e+00 8.380160000000000000e+05
5.414970000000000000e+05 3.232009999999999827e+00 4.597999999999999865e+00 7.956140000000000000e+05
5.418470000000000000e+05 2.729699999999999793e+00 1.805600000000000094e+00 6.844870000000000000e+05
5.422520000000000000e+05 2.885019999999999918e+00 5.790499999999999758e+00 7.110670000000000000e+05
5.426620000000000000e+05 2.232009999999999827e+00 2.306700000000000195e+00 5.644970000000000000e+05
5.431140000000000000e+05 4.437140000000000306e+00 2.095699999999999896e+00 1.141117000000000000e+06
5.433760000000000000e+05 4.162069999999999936e+00 5.621900000000000119e+00 1.029442000000000000e+06
5.437290000000000000e+05 3.339679999999999982e+00 7.185399999999999565e+00 8.219810000000000000e+05
5.440010000000000000e+05 2.761140000000000150e+00 3.386800000000000033e+00 6.935410000000000000e+05
5.444080000000000000e+05 2.787589999999999790e+00 3.881699999999999928e+00 6.867160000000000000e+05
5.446970000000000000e+05 2.489869999999999806e+00 4.347800000000000331e+00 6.117420000000000000e+05
5.450030000000000000e+05 1.272960000000000091e+00 1.004199999999999982e+00 3.307980000000000000e+05
5.450040000000000000e+05 7.062239999999999629e-01 4.729199999999999626e+00 1.760930000000000000e+05
5.454370000000000000e+05 2.944949999999999957e+00 3.234999999999999876e+00 7.222250000000000000e+05
5.457030000000000000e+05 2.272990000000000066e+00 1.102999999999999980e+00 5.909900000000000000e+05
5.461140000000000000e+05 3.075810000000000155e+00 2.100400000000000045e+00 7.703760000000000000e+05
5.464740000000000000e+05 3.217760000000000176e+00 2.555499999999999883e+00 7.922050000000000000e+05
5.468700000000000000e+05 2.878309999999999924e+00 1.925200000000000022e+00 7.397230000000000000e+05
5.472930000000000000e+05 3.675489999999999924e+00 3.933600000000000207e+00 9.083630000000000000e+05
5.475450000000000000e+05 1.854200000000000070e+00 1.190600000000000103e+00 4.737330000000000000e+05
5.475460000000000000e+05 9.517480000000000384e-01 7.492300000000000182e+00 2.353490000000000000e+05
5.478440000000000000e+05 3.455509999999999859e+00 3.624200000000000088e+00 8.719510000000000000e+05
5.481510000000000000e+05 2.124769999999999825e+00 1.040200000000000014e+00 5.420390000000000000e+05
5.484180000000000000e+05 1.757319999999999993e+00 2.351900000000000102e+00 4.286240000000000000e+05
5.487900000000000000e+05 2.269050000000000011e+00 8.847300000000000608e+00 5.713260000000000000e+05
5.490900000000000000e+05 1.411780000000000035e+00 1.440099999999999936e+00 3.530620000000000000e+05
5.495160000000000000e+05 2.797820000000000196e+00 7.779499999999999638e+00 6.911130000000000000e+05
5.497460000000000000e+05 1.980040000000000022e+00 6.030499999999999972e+00 4.851010000000000000e+05
5.501490000000000000e+05 3.226949999999999985e+00 2.835100000000000176e+00 8.078280000000000000e+05
5.504750000000000000e+05 2.417120000000000157e+00 1.339499999999999913e+00 6.104010000000000000e+05
5.509340000000000000e+05 2.403230000000000199e+00 4.400199999999999889e+00 5.939220000000000000e+05
5.511900000000000000e+05 1.783959999999999990e+00 2.079299999999999926e+00 4.444350000000000000e+05
5.515410000000000000e+05 1.012259999999999938e+00 1.138800000000000034e+00 2.511260000000000000e+05
5.519730000000000000e+05 1.469440000000000079e+00 5.528400000000000425e+00 3.558280000000000000e+05
5.524140000000000000e+05 3.937619999999999898e+00 5.588599999999999568e+00 9.977030000000000000e+05
5.525810000000000000e+05 3.094590000000000174e+00 2.634999999999999787e+00 7.795090000000000000e+05
5.528790000000000000e+05 2.187809999999999810e+00 5.386499999999999844e+00 5.519120000000000000e+05
5.532300000000000000e+05 1.311199999999999921e+00 4.973700000000000010e+00 3.222640000000000000e+05
5.534890000000000000e+05 1.638830000000000009e+00 3.354699999999999793e+00 4.077380000000000000e+05
5.538370000000000000e+05 2.476469999999999949e+00 4.946299999999999919e+00 6.083180000000000000e+05
5.541890000000000000e+05 2.232120000000000104e+00 4.550799999999999734e+00 5.616430000000000000e+05
5.545230000000000000e+05 2.304209999999999869e+00 5.853200000000000180e+00 5.768460000000000000e+05
5.547980000000000000e+05 3.616839999999999833e+00 3.032399999999999984e+00 9.127420000000000000e+05
5.550130000000000000e+05 2.340489999999999959e+00 2.845200000000000173e+00 5.967290000000000000e+05
5.552870000000000000e+05 2.588529999999999998e+00 6.823199999999999932e+00 6.320180000000000000e+05
5.556010000000000000e+05 3.015000000000000124e+00 7.519700000000000273e+00 7.472980000000000000e+05
5.558150000000000000e+05 1.263239999999999919e+00 6.710000000000000409e-01 3.175300000000000000e+05
5.563040000000000000e+05 8.080310000000000548e-01 3.005900000000000016e+00 1.987260000000000000e+05
5.566990000000000000e+05 1.797330000000000094e+00 1.120900000000000007e+00 4.627860000000000000e+05
5.570760000000000000e+05 1.382060000000000066e+00 4.554899999999999949e+00 3.407610000000000000e+05
5.573960000000000000e+05 1.988869999999999916e+00 7.180600000000000094e+00 4.935070000000000000e+05
5.577210000000000000e+05 2.788850000000000051e+00 2.736200000000000188e+00 7.120290000000000000e+05
5.580670000000000000e+05 1.376940000000000053e+00 3.767700000000000049e+00 3.386790000000000000e+05
5.584100000000000000e+05 1.742609999999999992e+00 3.719800000000000217e+00 4.237610000000000000e+05
5.587310000000000000e+05 2.034170000000000034e+00 2.285699999999999843e+00 5.111830000000000000e+05
5.590360000000000000e+05 2.273649999999999949e+00 4.893500000000000405e+00 5.593560000000000000e+05
5.593860000000000000e+05 2.897180000000000089e+00 2.631600000000000161e+00 7.317780000000000000e+05
5.597110000000000000e+05 7.173760000000000137e-01 8.052000000000000268e-01 1.788710000000000000e+05
5.600820000000000000e+05 1.921699999999999964e+00 2.871100000000000207e+00 4.730940000000000000e+05
5.604210000000000000e+05 2.132929999999999993e+00 3.066500000000000004e+00 5.263890000000000000e+05
5.607510000000000000e+05 2.812089999999999979e+00 2.834099999999999842e+00 7.147110000000000000e+05
5.610010000000000000e+05 1.832789999999999919e+00 6.845100000000000406e+00 4.504710000000000000e+05
5.613250000000000000e+05 1.754189999999999916e+00 7.325999999999999623e+00 4.252180000000000000e+05
5.616760000000000000e+05 2.478130000000000166e+00 3.289899999999999824e+00 6.020520000000000000e+05
5.620290000000000000e+05 2.136979999999999880e+00 1.903699999999999948e+00 5.412260000000000000e+05
5.627420000000000000e+05 1.162479999999999958e+00 7.824099999999999611e+00 2.817530000000000000e+05
5.634710000000000000e+05 1.118679999999999897e+00 2.333899999999999864e+00 2.782570000000000000e+05
5.637320000000000000e+05 2.484249999999999847e+00 3.581100000000000172e+00 6.381950000000000000e+05
5.639430000000000000e+05 1.903739999999999988e+00 3.078300000000000036e+00 4.698650000000000000e+05
5.642680000000000000e+05 1.841229999999999922e+00 1.429599999999999982e+00 4.611440000000000000e+05
5.644980000000000000e+05 1.935459999999999958e+00 8.137999999999999678e-01 5.025670000000000000e+05
5.648250000000000000e+05 1.046159999999999979e+00 4.252399999999999736e+00 2.542540000000000000e+05
5.650890000000000000e+05 2.677820000000000089e+00 4.725200000000000067e+00 6.855790000000000000e+05
5.652510000000000000e+05 2.407420000000000115e+00 4.851700000000000124e+00 5.967800000000000000e+05
5.659470000000000000e+05 1.405620000000000092e+00 2.649700000000000166e+00 3.420990000000000000e+05
5.663650000000000000e+05 2.199530000000000207e+00 3.072499999999999787e+00 5.436390000000000000e+05
5.666610000000000000e+05 1.482539999999999969e+00 9.741400000000000503e+00 3.682250000000000000e+05
5.670040000000000000e+05 1.615229999999999944e+00 2.885800000000000143e+00 3.941480000000000000e+05
5.673820000000000000e+05 2.376660000000000217e+00 5.110800000000000232e+00 5.910520000000000000e+05
5.676070000000000000e+05 2.059039999999999981e+00 2.250100000000000211e+00 5.150700000000000000e+05
5.678970000000000000e+05 1.427669999999999995e+00 3.158199999999999896e+00 3.466430000000000000e+05
5.686460000000000000e+05 1.702069999999999972e+00 1.348899999999999988e+00 4.368220000000000000e+05
5.689230000000000000e+05 2.173919999999999852e+00 3.347500000000000142e+00 5.573610000000000000e+05
5.692510000000000000e+05 2.712089999999999890e+00 5.235699999999999577e+00 6.704950000000000000e+05
5.694520000000000000e+05 1.973049999999999971e+00 8.267500000000000071e+00 4.890530000000000000e+05
5.696530000000000000e+05 1.839590000000000058e+00 6.951800000000000423e+00 4.519410000000000000e+05
5.698770000000000000e+05 1.195200000000000040e+00 2.475900000000000212e+00 2.896720000000000000e+05
5.703190000000000000e+05 1.829360000000000097e+00 6.354199999999999626e+00 4.568420000000000000e+05
5.705980000000000000e+05 1.306810000000000027e+00 2.332399999999999807e+00 3.251630000000000000e+05
5.708410000000000000e+05 1.729570000000000052e+00 1.988199999999999967e+00 4.319220000000000000e+05
5.710720000000000000e+05 1.092600000000000016e+00 2.444399999999999906e+00 2.713970000000000000e+05
5.714540000000000000e+05 2.961549999999999905e+00 2.432999999999999829e+00 7.583770000000000000e+05
5.716330000000000000e+05 2.715689999999999937e+00 4.889999999999999680e+00 6.721250000000000000e+05
5.719080000000000000e+05 1.699179999999999913e+00 4.069499999999999673e+00 4.169250000000000000e+05
5.721210000000000000e+05 1.627780000000000005e+00 9.142599999999999838e+00 4.046090000000000000e+05
5.723280000000000000e+05 2.939729999999999954e+00 2.829600000000000115e+00 7.493220000000000000e+05
5.728400000000000000e+05 2.301559999999999828e+00 2.165599999999999969e+00 5.739910000000000000e+05
5.730620000000000000e+05 1.699459999999999971e+00 2.112899999999999778e+00 4.239650000000000000e+05
5.734130000000000000e+05 1.252499999999999947e+00 7.798399999999999999e+00 3.046680000000000000e+05
5.737380000000000000e+05 1.142910000000000093e+00 7.024600000000000399e+00 2.763620000000000000e+05
5.740370000000000000e+05 2.167689999999999895e+00 1.481600000000000028e+00 5.608920000000000000e+05
5.742860000000000000e+05 1.479659999999999975e+00 2.509599999999999831e+00 3.646970000000000000e+05
5.746150000000000000e+05 1.739530000000000021e+00 4.859300000000000175e+00 4.291650000000000000e+05
5.751900000000000000e+05 1.743260000000000032e+00 9.705099999999999838e+00 4.375940000000000000e+05
5.753560000000000000e+05 2.357930000000000081e+00 1.832699999999999996e+00 5.981540000000000000e+05
5.755960000000000000e+05 1.699920000000000098e+00 5.247499999999999609e+00 4.155210000000000000e+05
5.758630000000000000e+05 1.546059999999999990e+00 3.465399999999999814e+00 3.831700000000000000e+05
5.760620000000000000e+05 1.695500000000000007e+00 6.376699999999999591e+00 4.193570000000000000e+05
5.762540000000000000e+05 1.614090000000000025e+00 2.867500000000000160e+00 4.002330000000000000e+05
5.765160000000000000e+05 2.312570000000000014e+00 7.583999999999999631e-01 5.974950000000000000e+05
5.767050000000000000e+05 1.153410000000000046e+00 6.542000000000000037e-01 2.951810000000000000e+05
5.771250000000000000e+05 1.377629999999999910e+00 6.749900000000000233e+00 3.442130000000000000e+05
5.773720000000000000e+05 2.192149999999999821e+00 3.450299999999999923e+00 5.449380000000000000e+05
5.775760000000000000e+05 1.973470000000000057e+00 6.294500000000000206e+00 4.944590000000000000e+05
5.777190000000000000e+05 1.696010000000000018e+00 3.535899999999999821e+00 4.206700000000000000e+05
5.779240000000000000e+05 1.069930000000000048e+00 5.362000000000000099e+00 2.621610000000000000e+05
5.782940000000000000e+05 1.867920000000000025e+00 5.904200000000000337e+00 4.632960000000000000e+05
5.785410000000000000e+05 1.093099999999999961e+00 4.200099999999999945e+00 2.659820000000000000e+05
5.788340000000000000e+05 1.111900000000000110e+00 6.207200000000000273e+00 2.719730000000000000e+05
5.792320000000000000e+05 1.401620000000000088e+00 6.119200000000000195e+00 3.444420000000000000e+05
5.795090000000000000e+05 1.247239999999999904e+00 2.856300000000000061e+00 3.046590000000000000e+05
5.797590000000000000e+05 1.483719999999999928e+00 7.698100000000000165e+00 3.756130000000000000e+05
5.800350000000000000e+05 2.056970000000000187e+00 4.957699999999999996e+00 5.059580000000000000e+05
5.802500000000000000e+05 2.268679999999999808e+00 3.961100000000000065e+00 5.564940000000000000e+05
5.804060000000000000e+05 2.274369999999999781e+00 2.128400000000000070e+00 5.694410000000000000e+05
5.806410000000000000e+05 1.856219999999999981e+00 7.852500000000000036e+00 4.610700000000000000e+05
5.809070000000000000e+05 1.569560000000000066e+00 4.044400000000000439e+00 3.931730000000000000e+05
5.810580000000000000e+05 1.512880000000000003e+00 2.577399999999999913e+00 3.753230000000000000e+05
5.813080000000000000e+05 8.034449999999999648e-01 5.684999999999999609e+00 2.000690000000000000e+05
5.816560000000000000e+05 1.760990000000000055e+00 8.718299999999999272e+00 4.378820000000000000e+05
5.819120000000000000e+05 1.451030000000000042e+00 3.187699999999999978e+00 3.583150000000000000e+05
5.821370000000000000e+05 1.396859999999999991e+00 2.263799999999999812e+00 3.467730000000000000e+05
5.823440000000000000e+05 1.178770000000000095e+00 6.242799999999999905e+00 2.933660000000000000e+05
5.826120000000000000e+05 1.257719999999999949e+00 6.615700000000000358e+00 3.055830000000000000e+05
5.828090000000000000e+05 1.539260000000000073e+00 8.245999999999999996e-01 3.850590000000000000e+05
5.830270000000000000e+05 1.945270000000000055e+00 4.702099999999999724e+00 4.820270000000000000e+05
5.832560000000000000e+05 9.258739999999999748e-01 2.849000000000000199e+00 2.324990000000000000e+05
5.832570000000000000e+05 8.603629999999999889e-01 2.718199999999999950e+00 2.233030000000000000e+05
5.837450000000000000e+05 1.584500000000000020e+00 6.935200000000000031e+00 3.894490000000000000e+05
5.840070000000000000e+05 1.123199999999999976e+00 1.317199999999999926e+00 2.808590000000000000e+05
5.842860000000000000e+05 1.518399999999999972e+00 2.871599999999999930e+00 3.744320000000000000e+05
5.845110000000000000e+05 1.361399999999999944e+00 6.121299999999999741e+00 3.340000000000000000e+05
5.847240000000000000e+05 1.411210000000000075e+00 9.724000000000000421e-01 3.558010000000000000e+05
5.848750000000000000e+05 1.082680000000000087e+00 2.553300000000000125e+00 2.639750000000000000e+05
5.852820000000000000e+05 1.368179999999999952e+00 2.672299999999999898e+00 3.372850000000000000e+05
5.855170000000000000e+05 9.502040000000000486e-01 1.005400000000000071e+00 2.391160000000000000e+05
5.858390000000000000e+05 1.555509999999999948e+00 5.209500000000000242e+00 3.950470000000000000e+05
5.860660000000000000e+05 1.520229999999999970e+00 3.467299999999999827e+00 3.822770000000000000e+05
5.861690000000000000e+05 1.695719999999999894e+00 1.617099999999999982e+00 4.275300000000000000e+05
5.864200000000000000e+05 9.182649999999999979e-01 4.292500000000000426e+00 2.225910000000000000e+05
5.866700000000000000e+05 1.514559999999999906e+00 7.754500000000000171e+00 3.726540000000000000e+05
5.868360000000000000e+05 1.280089999999999950e+00 9.745000000000000329e-01 3.314170000000000000e+05
5.868370000000000000e+05 7.838199999999999612e-01 2.774000000000000021e+00 1.977390000000000000e+05
5.870190000000000000e+05 1.386020000000000030e+00 3.391999999999999904e+00 3.463140000000000000e+05
5.872560000000000000e+05 8.004250000000000531e-01 9.735000000000000320e-01 2.013130000000000000e+05
5.875000000000000000e+05 7.879500000000000393e-01 1.239999999999999991e+00 1.942040000000000000e+05
5.878190000000000000e+05 1.565970000000000084e+00 6.109799999999999898e+00 3.923540000000000000e+05
5.880040000000000000e+05 2.068839999999999790e+00 2.490200000000000191e+00 5.120890000000000000e+05
5.881780000000000000e+05 1.965850000000000097e+00 3.666100000000000136e+00 4.821460000000000000e+05
5.883990000000000000e+05 1.558440000000000047e+00 1.155000000000000027e+00 4.013560000000000000e+05
5.886470000000000000e+05 1.326699999999999990e+00 7.956299999999999706e+00 3.251070000000000000e+05
5.888310000000000000e+05 2.336390000000000189e+00 2.678199999999999914e+00 5.948590000000000000e+05
5.889860000000000000e+05 7.134049999999999558e-01 1.527800000000000047e+00 1.799160000000000000e+05
5.893200000000000000e+05 1.819730000000000070e+00 1.713300000000000045e+00 4.633780000000000000e+05
5.894960000000000000e+05 1.685329999999999995e+00 3.086399999999999810e+00 4.194220000000000000e+05
5.896550000000000000e+05 1.712460000000000093e+00 2.028599999999999959e+00 4.281460000000000000e+05
5.898730000000000000e+05 1.717449999999999921e+00 5.896099999999999675e+00 4.323790000000000000e+05
5.902180000000000000e+05 1.728790000000000049e+00 4.537700000000000067e+00 4.295370000000000000e+05
5.903850000000000000e+05 1.236010000000000053e+00 1.015500000000000069e+00 3.105860000000000000e+05
5.905690000000000000e+05 1.214779999999999971e+00 3.081799999999999873e+00 2.960020000000000000e+05
5.907920000000000000e+05 1.894919999999999938e+00 4.790700000000000180e+00 4.733950000000000000e+05
5.909260000000000000e+05 1.152940000000000076e+00 1.288000000000000034e+00 2.893030000000000000e+05
5.912100000000000000e+05 1.301080000000000014e+00 3.250999999999999890e+00 3.170050000000000000e+05
5.914690000000000000e+05 1.747190000000000021e+00 5.542799999999999727e+00 4.382570000000000000e+05
5.916410000000000000e+05 1.592540000000000067e+00 4.318299999999999805e+00 3.999600000000000000e+05
5.917960000000000000e+05 1.872200000000000086e+00 8.213000000000000300e-01 4.738840000000000000e+05
5.920210000000000000e+05 1.363650000000000029e+00 8.217999999999999750e-01 3.522560000000000000e+05
5.922820000000000000e+05 1.584130000000000038e+00 3.920399999999999885e+00 3.932520000000000000e+05
5.924370000000000000e+05 1.706960000000000033e+00 3.622399999999999842e+00 4.220220000000000000e+05
5.926620000000000000e+05 1.248180000000000067e+00 3.549300000000000122e+00 3.030090000000000000e+05
5.928400000000000000e+05 1.560529999999999973e+00 2.184699999999999864e+00 3.848290000000000000e+05
5.929840000000000000e+05 6.881070000000000242e-01 2.642999999999999794e+00 1.686930000000000000e+05
5.932590000000000000e+05 1.358559999999999990e+00 2.741800000000000015e+00 3.330970000000000000e+05
5.934800000000000000e+05 1.391429999999999945e+00 1.935400000000000009e+00 3.465940000000000000e+05
5.936940000000000000e+05 1.751489999999999991e+00 1.036399999999999988e+00 4.522650000000000000e+05
5.939040000000000000e+05 9.795209999999999750e-01 3.505399999999999849e+00 2.418510000000000000e+05
5.940980000000000000e+05 1.429349999999999898e+00 3.678500000000000103e+00 3.513520000000000000e+05
5.945560000000000000e+05 9.864549999999999708e-01 3.577700000000000102e+00 2.455750000000000000e+05
5.947310000000000000e+05 9.911750000000000282e-01 2.754599999999999937e+00 2.477040000000000000e+05
5.948870000000000000e+05 1.136009999999999964e+00 3.805600000000000094e+00 2.827080000000000000e+05
5.951000000000000000e+05 1.405410000000000048e+00 1.501800000000000024e+00 3.523760000000000000e+05
5.952460000000000000e+05 1.544349999999999890e+00 3.883000000000000007e+00 3.764850000000000000e+05
5.954420000000000000e+05 8.704020000000000090e-01 5.566900000000000404e+00 2.116620000000000000e+05
5.956610000000000000e+05 7.838739999999999597e-01 9.109299999999999287e+00 1.929500000000000000e+05
5.958870000000000000e+05 1.396800000000000042e+00 2.174799999999999844e+00 3.509910000000000000e+05
5.962440000000000000e+05 1.384940000000000060e+00 2.902600000000000069e+00 3.404330000000000000e+05
5.966600000000000000e+05 1.145389999999999908e+00 1.542100000000000026e+00 2.819140000000000000e+05
5.968660000000000000e+05 1.936479999999999979e+00 4.856700000000000017e+00 4.822860000000000000e+05
5.969860000000000000e+05 1.058969999999999967e+00 5.965300000000000047e+00 2.642540000000000000e+05
5.971410000000000000e+05 9.084790000000000365e-01 7.443599999999999994e+00 2.247030000000000000e+05
5.975300000000000000e+05 9.430399999999999894e-01 5.494799999999999685e+00 2.262950000000000000e+05
5.977920000000000000e+05 1.639769999999999950e+00 1.842400000000000038e+00 4.139470000000000000e+05
5.979340000000000000e+05 9.921240000000000059e-01 1.328500000000000014e+00 2.491060000000000000e+05
5.981120000000000000e+05 1.393520000000000092e+00 2.190300000000000136e+00 3.485470000000000000e+05
5.983200000000000000e+05 9.634139999999999926e-01 4.000200000000000422e+00 2.366680000000000000e+05
5.985390000000000000e+05 1.299029999999999907e+00 1.408900000000000041e+00 3.281930000000000000e+05
5.986960000000000000e+05 1.325669999999999904e+00 4.746100000000000207e+00 3.268760000000000000e+05
5.988400000000000000e+05 1.060140000000000082e+00 3.875999999999999890e+00 2.631970000000000000e+05
5.989880000000000000e+05 8.852240000000000109e-01 3.577500000000000124e+00 2.204120000000000000e+05
5.994650000000000000e+05 7.788929999999999465e-01 7.212600000000000122e+00 1.964380000000000000e+05
5.998650000000000000e+05 9.486980000000000413e-01 1.347099999999999964e+00 2.359260000000000000e+05
6.000960000000000000e+05 8.390530000000000488e-01 5.694700000000000095e+00 2.077250000000000000e+05
6.003630000000000000e+05 8.850700000000000234e-01 2.354800000000000004e+00 2.182140000000000000e+05
6.005550000000000000e+05 1.424209999999999976e+00 4.326500000000000234e+00 3.538750000000000000e+05
6.009460000000000000e+05 1.098619999999999930e+00 2.201099999999999834e+00 2.763230000000000000e+05
6.011230000000000000e+05 1.086240000000000094e+00 2.625799999999999912e+00 2.732100000000000000e+05
6.015220000000000000e+05 8.931350000000000122e-01 2.189400000000000013e+00 2.227560000000000000e+05
6.016930000000000000e+05 8.980780000000000429e-01 2.313200000000000145e+00 2.244490000000000000e+05
6.018610000000000000e+05 1.149580000000000046e+00 1.586300000000000043e+00 2.862630000000000000e+05
6.019970000000000000e+05 9.979839999999999822e-01 5.038199999999999790e+00 2.541430000000000000e+05
6.023300000000000000e+05 7.611360000000000348e-01 2.398099999999999898e+00 1.867410000000000000e+05
6.025090000000000000e+05 1.295749999999999957e+00 3.334900000000000198e+00 3.169870000000000000e+05
6.026530000000000000e+05 1.537339999999999929e+00 4.814099999999999824e+00 3.775040000000000000e+05
6.028200000000000000e+05 7.252600000000000158e-01 6.434700000000000308e+00 1.780040000000000000e+05
6.031850000000000000e+05 1.820650000000000102e+00 2.610799999999999788e+00 4.602880000000000000e+05
6.040660000000000000e+05 1.463149999999999951e+00 7.785999999999999588e-01 3.780150000000000000e+05
6.042410000000000000e+05 1.020690000000000097e+00 5.831400000000000361e+00 2.521110000000000000e+05
6.043710000000000000e+05 1.189249999999999918e+00 5.264000000000000234e+00 2.987200000000000000e+05
6.045160000000000000e+05 1.070419999999999927e+00 2.370899999999999785e+00 2.661470000000000000e+05
6.046670000000000000e+05 1.247319999999999984e+00 1.031700000000000061e+00 3.152110000000000000e+05
6.050540000000000000e+05 1.111660000000000093e+00 1.074200000000000044e+00 2.806330000000000000e+05
6.057080000000000000e+05 1.530510000000000037e+00 4.851300000000000168e+00 3.931020000000000000e+05
6.058440000000000000e+05 1.123920000000000030e+00 1.932299999999999907e+00 2.795170000000000000e+05
6.062230000000000000e+05 1.245689999999999964e+00 5.684000000000000163e-01 3.267290000000000000e+05
6.064050000000000000e+05 1.183070000000000066e+00 3.558699999999999974e+00 2.913100000000000000e+05
6.068200000000000000e+05 1.057250000000000023e+00 4.562599999999999767e+00 2.630640000000000000e+05
6.069070000000000000e+05 1.077879999999999949e+00 1.577099999999999946e+00 2.681260000000000000e+05
6.073100000000000000e+05 8.903320000000000123e-01 4.936899999999999622e+00 2.203910000000000000e+05
6.075300000000000000e+05 1.326200000000000045e+00 5.148299999999999876e+00 3.262120000000000000e+05
6.076540000000000000e+05 1.858449999999999935e+00 1.510000000000000009e+00 4.818250000000000000e+05
6.077120000000000000e+05 1.319679999999999964e+00 4.208899999999999864e+00 3.241410000000000000e+05
6.080610000000000000e+05 8.226689999999999836e-01 5.269499999999999851e+00 2.083690000000000000e+05
6.083860000000000000e+05 1.555700000000000083e+00 2.250999999999999890e+00 3.917870000000000000e+05
6.087450000000000000e+05 1.192460000000000075e+00 2.517599999999999838e+00 2.974970000000000000e+05
6.089030000000000000e+05 1.304170000000000051e+00 2.988599999999999923e+00 3.245280000000000000e+05
6.090010000000000000e+05 1.124130000000000074e+00 3.883199999999999985e+00 2.800020000000000000e+05
6.097100000000000000e+05 1.043120000000000047e+00 1.171200000000000019e+00 2.633930000000000000e+05
6.098910000000000000e+05 1.139650000000000052e+00 1.964499999999999913e+00 2.877920000000000000e+05
6.100170000000000000e+05 1.110020000000000007e+00 3.624200000000000088e+00 2.739470000000000000e+05
6.103610000000000000e+05 1.114470000000000072e+00 6.219299999999999606e+00 2.780450000000000000e+05
6.105320000000000000e+05 1.035849999999999937e+00 1.681999999999999940e+00 2.602440000000000000e+05
6.108190000000000000e+05 1.080819999999999892e+00 2.123800000000000132e+00 2.684160000000000000e+05
6.109880000000000000e+05 8.799930000000000252e-01 4.445999999999999730e+00 2.157020000000000000e+05
6.111520000000000000e+05 8.302479999999999860e-01 2.442499999999999893e+00 2.053750000000000000e+05
6.113850000000000000e+05 1.113930000000000087e+00 7.528100000000000236e+00 2.800870000000000000e+05
6.117800000000000000e+05 9.268490000000000339e-01 2.604900000000000215e+00 2.279560000000000000e+05
6.122410000000000000e+05 1.109890000000000043e+00 3.044999999999999929e+00 2.736750000000000000e+05
6.126990000000000000e+05 1.036499999999999977e+00 1.054499999999999993e+00 2.614100000000000000e+05
6.128250000000000000e+05 1.124819999999999931e+00 2.028700000000000170e+00 2.808310000000000000e+05
6.130060000000000000e+05 7.025869999999999616e-01 6.247399999999999842e+00 1.759020000000000000e+05
6.131920000000000000e+05 3.157160000000000188e+00 1.653100000000000014e+00 8.254310000000000000e+05
6.138080000000000000e+05 7.750160000000000382e-01 1.652500000000000080e+00 1.920050000000000000e+05
6.141800000000000000e+05 9.890870000000000495e-01 4.398699999999999832e+00 2.425370000000000000e+05
6.143260000000000000e+05 8.844640000000000279e-01 3.660400000000000098e+00 2.165430000000000000e+05
6.144890000000000000e+05 1.312480000000000091e+00 1.140600000000000058e+00 3.364900000000000000e+05
6.151820000000000000e+05 8.356670000000000487e-01 5.797900000000000276e+00 2.043110000000000000e+05
6.152920000000000000e+05 1.202930000000000055e+00 4.242700000000000138e+00 3.005670000000000000e+05
6.154620000000000000e+05 7.411109999999999642e-01 4.483399999999999608e+00 1.834060000000000000e+05
6.156070000000000000e+05 9.128220000000000223e-01 2.373400000000000176e+00 2.277520000000000000e+05
6.157920000000000000e+05 7.260039999999999827e-01 5.200800000000000090e+00 1.760960000000000000e+05
6.159030000000000000e+05 1.028140000000000054e+00 3.986000000000000210e+00 2.516780000000000000e+05
6.162000000000000000e+05 9.402859999999999552e-01 2.694300000000000139e+00 2.311180000000000000e+05
6.165260000000000000e+05 1.136339999999999906e+00 5.855400000000000382e+00 2.809950000000000000e+05
6.170270000000000000e+05 6.798530000000000406e-01 2.679199999999999804e+00 1.694570000000000000e+05
6.171490000000000000e+05 7.722360000000000335e-01 5.614700000000000024e+00 1.882150000000000000e+05
6.173240000000000000e+05 6.901289999999999925e-01 3.737499999999999822e+00 1.694560000000000000e+05
6.175590000000000000e+05 7.097379999999999800e-01 5.280499999999999972e+00 1.775840000000000000e+05
6.177190000000000000e+05 1.047700000000000076e+00 2.210700000000000109e+00 2.638630000000000000e+05
6.181200000000000000e+05 8.500149999999999650e-01 3.935799999999999965e+00 2.094530000000000000e+05
6.189500000000000000e+05 1.252399999999999958e+00 7.528000000000000247e-01 3.261880000000000000e+05
6.190810000000000000e+05 7.733700000000000019e-01 5.353500000000000369e+00 1.900570000000000000e+05
6.192230000000000000e+05 8.121720000000000050e-01 4.613999999999999879e+00 2.005280000000000000e+05
6.193810000000000000e+05 8.770940000000000403e-01 3.318900000000000183e+00 2.171730000000000000e+05
6.196570000000000000e+05 6.992390000000000549e-01 1.189300000000000024e+00 1.765150000000000000e+05
6.203480000000000000e+05 7.414300000000000335e-01 2.114799999999999791e+00 1.830430000000000000e+05
6.204630000000000000e+05 9.036530000000000395e-01 4.139800000000000146e+00 2.238550000000000000e+05
6.208320000000000000e+05 7.442140000000000422e-01 3.251399999999999846e+00 1.841040000000000000e+05
6.210430000000000000e+05 8.363110000000000266e-01 3.187399999999999789e+00 2.055480000000000000e+05
6.211670000000000000e+05 1.098899999999999988e+00 3.861200000000000188e+00 2.798000000000000000e+05
6.212550000000000000e+05 9.126499999999999613e-01 9.435999999999999943e-01 2.322040000000000000e+05
6.213720000000000000e+05 9.839579999999999993e-01 5.162399999999999878e+00 2.506800000000000000e+05
6.217070000000000000e+05 7.649169999999999581e-01 3.225800000000000001e+00 1.867840000000000000e+05
6.218550000000000000e+05 7.420639999999999459e-01 5.186399999999999899e+00 1.861210000000000000e+05
6.222980000000000000e+05 7.197149999999999936e-01 7.128999999999999782e-01 1.838070000000000000e+05
6.224370000000000000e+05 9.207499999999999574e-01 1.778299999999999992e+00 2.296990000000000000e+05
6.230420000000000000e+05 8.598660000000000192e-01 3.728400000000000158e+00 2.162510000000000000e+05
6.231220000000000000e+05 7.980040000000000466e-01 4.147700000000000387e+00 1.994860000000000000e+05
6.233670000000000000e+05 1.235610000000000097e+00 7.865999999999999659e-01 3.219050000000000000e+05
6.235750000000000000e+05 7.930979999999999697e-01 5.052800000000000402e+00 1.962590000000000000e+05
6.238770000000000000e+05 1.128870000000000040e+00 1.018399999999999972e+00 2.852110000000000000e+05
6.250410000000000000e+05 7.547819999999999530e-01 2.238999999999999879e+00 1.857320000000000000e+05
6.251850000000000000e+05 6.866290000000000449e-01 6.117899999999999672e+00 1.715770000000000000e+05
6.252810000000000000e+05 8.719999999999999973e-01 2.603000000000000203e+00 2.169630000000000000e+05
6.254230000000000000e+05 1.095040000000000013e+00 3.764200000000000212e+00 2.692240000000000000e+05
6.257150000000000000e+05 9.639529999999999488e-01 3.417300000000000004e+00 2.384670000000000000e+05
6.258000000000000000e+05 9.172590000000000465e-01 9.076999999999999513e-01 2.330470000000000000e+05
6.259250000000000000e+05 7.534459999999999491e-01 2.710900000000000087e+00 1.874080000000000000e+05
6.261980000000000000e+05 8.907730000000000370e-01 3.947499999999999787e+00 2.209010000000000000e+05
6.266970000000000000e+05 9.965509999999999646e-01 4.699499999999999567e+00 2.460580000000000000e+05
6.274590000000000000e+05 8.685730000000000395e-01 3.704299999999999926e+00 2.163760000000000000e+05
6.275720000000000000e+05 8.011589999999999545e-01 3.018699999999999939e+00 1.959960000000000000e+05
6.285550000000000000e+05 6.848619999999999708e-01 1.820699999999999985e+00 1.715670000000000000e+05
6.289490000000000000e+05 9.169009999999999661e-01 3.358000000000000096e+00 2.257290000000000000e+05
6.292660000000000000e+05 6.946630000000000305e-01 5.192899999999999849e+00 1.716260000000000000e+05
6.294090000000000000e+05 1.121429999999999927e+00 2.543200000000000127e+00 2.786200000000000000e+05
6.298910000000000000e+05 9.560340000000000504e-01 1.821399999999999908e+00 2.408410000000000000e+05
6.307600000000000000e+05 7.939610000000000278e-01 1.681000000000000050e+00 1.974260000000000000e+05
6.308700000000000000e+05 8.531379999999999519e-01 2.216699999999999893e+00 2.189080000000000000e+05
6.309750000000000000e+05 1.067949999999999955e+00 3.709700000000000220e+00 2.696890000000000000e+05
6.312530000000000000e+05 7.034449999999999870e-01 3.611899999999999888e+00 1.733300000000000000e+05
6.315580000000000000e+05 8.338940000000000241e-01 1.885999999999999899e+00 2.076150000000000000e+05
6.316770000000000000e+05 8.478740000000000165e-01 1.776399999999999979e+00 2.109950000000000000e+05
6.323100000000000000e+05 7.260630000000000139e-01 2.968599999999999905e+00 1.790530000000000000e+05
6.333220000000000000e+05 7.589470000000000383e-01 4.597400000000000375e+00 1.877990000000000000e+05
6.334370000000000000e+05 8.455510000000000526e-01 1.532000000000000028e+00 2.124960000000000000e+05
6.336140000000000000e+05 6.946989999999999554e-01 4.608200000000000074e+00 1.717100000000000000e+05
6.339630000000000000e+05 7.176449999999999774e-01 2.334700000000000220e+00 1.772800000000000000e+05
6.346310000000000000e+05 9.451190000000000424e-01 2.363999999999999879e+00 2.374940000000000000e+05
6.347070000000000000e+05 8.218320000000000070e-01 3.296499999999999986e+00 2.032890000000000000e+05
6.359050000000000000e+05 6.910600000000000076e-01 4.614200000000000301e+00 1.705990000000000000e+05
6.362010000000000000e+05 7.119659999999999878e-01 1.924800000000000066e+00 1.787550000000000000e+05
6.366400000000000000e+05 1.038429999999999964e+00 4.264599999999999724e+00 2.587850000000000000e+05
6.367290000000000000e+05 6.937809999999999810e-01 2.802000000000000046e+00 1.717240000000000000e+05
6.368480000000000000e+05 7.117149999999999865e-01 1.566000000000000059e+00 1.790120000000000000e+05
6.376310000000000000e+05 7.079060000000000352e-01 2.178500000000000103e+00 1.751660000000000000e+05
6.379710000000000000e+05 7.226669999999999483e-01 4.958899999999999864e+00 1.787870000000000000e+05
6.394320000000000000e+05 8.252479999999999816e-01 4.794500000000000206e+00 2.039390000000000000e+05
6.398920000000000000e+05 7.741770000000000040e-01 9.562000000000000499e-01 1.993330000000000000e+05
6.422200000000000000e+05 7.215160000000000462e-01 2.597599999999999909e+00 1.780940000000000000e+05
6.423030000000000000e+05 7.711900000000000421e-01 4.922299999999999898e+00 1.898530000000000000e+05
6.426710000000000000e+05 1.065679999999999961e+00 1.041099999999999914e+00 2.761750000000000000e+05
6.436420000000000000e+05 6.845440000000000413e-01 3.717299999999999827e+00 1.681930000000000000e+05
6.467330000000000000e+05 8.577580000000000204e-01 2.669599999999999973e+00 2.154640000000000000e+05
6.471900000000000000e+05 8.092200000000000504e-01 1.745200000000000085e+00 2.059340000000000000e+05
6.522670000000000000e+05 1.214839999999999920e+00 3.689400000000000013e+00 3.098030000000000000e+05
6.965590000000000000e+05 7.014430000000000387e-01 1.037500000000000089e+00 1.822860000000000000e+05
6.979480000000000000e+05 9.909229999999999983e-01 2.333400000000000141e+00 2.605690000000000000e+05
